1 0.37109375 0.09765625 0.1046875 0.1953125
0 0.71953125 0.3046875 0.5609375 0.609375
0 0.28828125 0.86953125 0.07421875 0.18515625
0 0.16328125 0.8046875 0.0796875 0.13203125
0 0.1265625 0.63828125 0.05625 0.0578125
0 0.07109375 0.62265625 0.0484375 0.0265625
0 0.3453125 0.65703125 0.075 0.0953125
0 0.36640625 0.7640625 0.07421875 0.11328125
0 0.41875 0.9453125 0.040625 0.109375
0 0.0359375 0.728125 0.0453125 0.11328125
0 0.01484375 0.88828125 0.0296875 0.0984375
0 0.02265625 0.96875 0.0453125 0.0625
0 0.1265625 0.9609375 0.08125 0.078125
0 0.1796875 0.98359375 0.08125 0.0328125
0 0.3078125 0.97734375 0.090625 0.0453125
0 0.2515625 0.67734375 0.0625 0.1078125
0 0.6859375 0.8046875 0.49375 0.390625