0 0.21484375 0.234375 0.4296875 0.46875
0 0.54375 0.43984375 0.08125 0.0578125
0 0.50703125 0.28515625 0.0578125 0.10546875
0 0.45078125 0.240625 0.0421875 0.134375
0 0.5765625 0.1 0.0484375 0.084375
0 0.7328125 0.321875 0.0796875 0.1109375
0 0.75390625 0.42421875 0.0796875 0.0890625
0 0.9375 0.41875 0.075 0.1
0 0.96640625 0.23828125 0.0671875 0.1078125
0 0.8984375 0.19921875 0.04296875 0.11328125
0 0.84140625 0.178125 0.05546875 0.0984375
0 0.78359375 0.13671875 0.05078125 0.13203125
0 0.634375 0.3484375 0.06484375 0.11328125
0 0.64765625 0.0265625 0.0609375 0.053125
0 0.859375 0.41015625 0.0765625 0.11328125
0 0.1765625 0.71875 0.353125 0.5
1 0.846875 0.7125 0.30625 0.4875