0 0.19921875 0.4609375 0.05546875 0.103125
0 0.14375 0.41796875 0.0484375 0.12734375
0 0.26796875 0.28203125 0.0453125 0.08203125
0 0.41796875 0.49765625 0.07421875 0.10546875
0 0.4375 0.565625 0.075 0.028125
0 0.6140625 0.5609375 0.075 0.0375
0 0.65 0.415625 0.0796875 0.10546875
0 0.578125 0.3796875 0.040625 0.1078125
0 0.52109375 0.359375 0.053125 0.09375
0 0.46640625 0.31796875 0.0484375 0.125
0 0.10703125 0.54765625 0.0453125 0.0640625
0 0.0109375 0.48125 0.021875 0.1
0 0.3234375 0.52265625 0.0625 0.1078125
0 0.3359375 0.17734375 0.0578125 0.11796875
0 0.05859375 0.134375 0.0625 0.06484375
0 0.07421875 0.2421875 0.05546875 0.0765625
0 0.078125 0.33046875 0.06953125 0.071875
0 0.00625 0.2703125 0.0125 0.10625
0 0.69921875 0.203125 0.06015625 0.0890625
0 0.53828125 0.55234375 0.0734375 0.0546875
1 0.86484375 0.28984375 0.2703125 0.5796875
1 0.36484375 0.78984375 0.7296875 0.4203125
1 0.86484375 0.78984375 0.2703125 0.4203125