1 0.17265625 0.175 0.3453125 0.35
0 0.825 0.184375 0.35 0.36875
1 0.325 0.684375 0.65 0.63125
0 0.95234375 0.7921875 0.07421875 0.1828125
0 0.82890625 0.728125 0.0796875 0.13203125
0 0.79296875 0.53984375 0.05546875 0.10078125
0 0.7375 0.49765625 0.0453125 0.12734375
0 0.86015625 0.38515625 0.0453125 0.0328125
0 0.9859375 0.575 0.028125 0.10625
0 0.7015625 0.6515625 0.0453125 0.1109375
0 0.671875 0.81171875 0.04375 0.0984375
0 0.6796875 0.9234375 0.059375 0.128125
0 0.79296875 0.90625 0.0796875 0.12265625
0 0.84453125 0.94375 0.0796875 0.1125
0 0.92734375 0.96875 0.0921875 0.0625
0 0.96328125 0.928125 0.0734375 0.1
0 0.915625 0.60078125 0.0625 0.1078125
0 0.67734375 0.409375 0.0546875 0.071875