2 0.23125 0.17265625 0.4625 0.3453125
2 0.496875 0.1484375 0.084375 0.296875
2 0.246875 0.40546875 0.49375 0.0484375
3 0.7296875 0.17734375 0.25 0.3546875
3 0.93828125 0.17734375 0.1234375 0.3546875
3 0.3078125 0.721875 0.4625 0.55625
3 0.9640625 0.6484375 0.071875 0.196875
3 0.77734375 0.65078125 0.11328125 0.2015625
3 0.5875 0.65546875 0.096875 0.2265625
3 0.84375 0.81015625 0.134375 0.196875
3 0.884375 0.94375 0.13125 0.1125
3 0.63203125 0.8140625 0.11328125 0.16796875
3 0.93671875 0.50078125 0.1265625 0.1421875
3 0.81953125 0.4984375 0.1453125 0.1375
3 0.6140625 0.50703125 0.1375 0.1546875