1 0.29453125 0.3 0.5890625 0.6
0 0.89921875 0.29453125 0.05078125 0.31015625
0 0.828125 0.30078125 0.03359375 0.37265625
0 0.7703125 0.29921875 0.03359375 0.28828125
0 0.69375 0.334375 0.021875 0.20703125
0 0.73828125 0.26328125 0.0265625 0.22109375
0 0.6296875 0.353125 0.03359375 0.15859375
0 0.6546875 0.53828125 0.028125 0.1234375
0 0.70390625 0.54921875 0.0265625 0.1015625
0 0.73046875 0.559375 0.0234375 0.08125
0 0.75546875 0.55546875 0.0234375 0.0890625
0 0.7828125 0.571875 0.03125 0.05625
0 0.80703125 0.5828125 0.0296875 0.034375
0 0.95625 0.5296875 0.0375 0.140625
0 0.959375 0.30078125 0.0265625 0.303125
0 0.99296875 0.52734375 0.0140625 0.1453125
0 0.90234375 0.53125 0.0359375 0.1375
0 0.853125 0.5109375 0.021875 0.16328125
0 0.99765625 0.3421875 0.0046875 0.2125
0 0.984375 0.3296875 0.021875 0.24765625
0 0.66015625 0.3484375 0.0265625 0.23046875
0 0.62421875 0.53046875 0.0265625 0.11796875
0 0.59609375 0.4890625 0.0140625 0.053125
0 0.65078125 0.04140625 0.0265625 0.0828125
0 0.67890625 0.06015625 0.0171875 0.0890625
0 0.696875 0.07109375 0.0171875 0.08671875
0 0.596875 0.1640625 0.015625 0.1
0 0.6125 0.03828125 0.025 0.0765625
0 0.62421875 0.18125 0.02890625 0.053125
0 0.73671875 0.078125 0.02421875 0.09609375
0 0.76328125 0.0578125 0.0265625 0.08203125
0 0.85859375 0.0109375 0.0234375 0.021875
0 0.85703125 0.23828125 0.02890625 0.30546875
0 0.3171875 0.83828125 0.54375 0.3234375
0 0.79453125 0.7796875 0.4109375 0.359375