2 0.10390625 0.09140625 0.2078125 0.1828125
2 0.3578125 0.121875 0.103125 0.24375
2 0.3578125 0.33359375 0.103125 0.1515625
2 0.0890625 0.28046875 0.178125 0.2578125
3 0.69609375 0.2046875 0.5734375 0.409375
3 0.2125 0.46640625 0.146875 0.1140625
3 0.09609375 0.44609375 0.1234375 0.0734375
3 0.0609375 0.890625 0.121875 0.21875
3 0.16171875 0.89921875 0.1421875 0.2015625
3 0.2765625 0.90234375 0.15 0.1953125
3 0.36015625 0.9046875 0.0984375 0.190625
3 0.2796875 0.56953125 0.115625 0.1734375
3 0.06171875 0.5578125 0.1234375 0.196875
3 0.7046875 0.7046875 0.590625 0.590625