1 0.2546875 0.209375 0.490625 0.41875
0 0.6515625 0.0765625 0.05 0.153125
0 0.7234375 0.0953125 0.034375 0.190625
0 0.7828125 0.0734375 0.034375 0.146875
0 0.8609375 0.0703125 0.021875 0.140625
0 0.81484375 0.03828125 0.0265625 0.0765625
0 0.92578125 0.06796875 0.0328125 0.1359375
0 0.9015625 0.2625 0.02890625 0.1609375
0 0.85078125 0.27265625 0.0265625 0.1390625
0 0.82421875 0.2859375 0.02421875 0.12265625
0 0.79765625 0.28125 0.02421875 0.1296875
0 0.77109375 0.296875 0.03359375 0.09609375
0 0.7453125 0.309375 0.02890625 0.071875
0 0.59375 0.25078125 0.03828125 0.17578125
0 0.59140625 0.07734375 0.0265625 0.1546875
0 0.55390625 0.24609375 0.01953125 0.1734375
0 0.52734375 0.1875 0.0265625 0.290625
0 0.509375 0.18125 0.01875 0.271875
0 0.6484375 0.24453125 0.0359375 0.1515625
0 0.6984375 0.215625 0.021875 0.16796875
0 0.515625 0.01796875 0.025 0.0359375
0 0.54453125 0.0765625 0.0171875 0.153125
0 0.565625 0.078125 0.021875 0.15625
0 0.8953125 0.084375 0.028125 0.16875
0 0.93359375 0.23671875 0.0265625 0.1203125
0 0.9921875 0.18359375 0.015625 0.0765625
0 0.96484375 0.19453125 0.02421875 0.05546875
0 0.98671875 0.10625 0.021875 0.071875
0 0.69375 0.04609375 0.028125 0.0921875
0 0.24140625 0.709375 0.4828125 0.58125
1 0.75 0.76640625 0.5 0.4671875