2 0.12265625 0.10703125 0.2359375 0.11796875
2 0.4921875 0.371875 0.19375 0.3125
2 0.1796875 0.4578125 0.21875 0.1828125
2 0.54765625 0.08671875 0.0828125 0.1734375
3 0.77265625 0.50625 0.3671875 0.1875
3 0.1953125 0.7578125 0.14921875 0.1875
3 0.48359375 0.70546875 0.2109375 0.2109375
3 0.4703125 0.94375 0.121875 0.1125
3 0.0703125 0.7765625 0.140625 0.159375
3 0.303125 0.66328125 0.159375 0.1265625
3 0.05 0.64921875 0.1 0.0984375
3 0.27265625 0.8875 0.21171875 0.14453125
3 0.55078125 0.92578125 0.0765625 0.1484375
2 0.79453125 0.8 0.4109375 0.4