1 0.41875 0.284375 0.5625 0.56875
0 0.778125 0.284375 0.15625 0.56875
0 0.85 0.284375 0.3 0.56875
1 0.35 0.73515625 0.7 0.3328125
0 0.73046875 0.84765625 0.0515625 0.3046875
0 0.803125 0.83359375 0.034375 0.3328125
0 0.86015625 0.8546875 0.0328125 0.290625
0 0.9390625 0.89140625 0.021875 0.209375
0 0.8953125 0.81953125 0.0265625 0.22578125
0 0.99375 0.91015625 0.0125 0.1578125
0 0.9734375 0.89453125 0.028125 0.2109375
0 0.98046875 0.603125 0.0265625 0.06875
0 0.95390625 0.6140625 0.0171875 0.090625
0 0.93671875 0.625 0.01953125 0.08671875
0 0.89609375 0.63203125 0.0265625 0.0984375
0 0.86953125 0.61171875 0.02421875 0.08203125
0 0.775 0.79296875 0.02890625 0.3078125