0 0.2046875 0.23984375 0.409375 0.4796875
1 0.68828125 0.23984375 0.5578125 0.4796875
1 0.2046875 0.73984375 0.409375 0.5203125
0 0.89609375 0.7828125 0.0796875 0.18984375
0 0.76796875 0.71484375 0.08203125 0.13671875
0 0.73046875 0.52578125 0.0578125 0.0921875
0 0.67109375 0.5109375 0.0484375 0.0625
0 0.95625 0.55625 0.0796875 0.1109375
0 0.96875 0.671875 0.0625 0.115625
0 0.63515625 0.634375 0.0484375 0.115625
0 0.51875 0.540625 0.05546875 0.10546875
0 0.42578125 0.51875 0.0328125 0.078125
0 0.4203125 0.79140625 0.021875 0.1296875
0 0.46953125 0.709375 0.053125 0.11796875
0 0.5296875 0.75859375 0.07421875 0.1109375
0 0.59453125 0.803125 0.0671875 0.10078125
0 0.603125 0.91953125 0.08203125 0.13203125
0 0.73046875 0.9015625 0.084375 0.12734375
0 0.784375 0.94140625 0.084375 0.1171875
0 0.8703125 0.96640625 0.096875 0.0671875
0 0.91875 0.92578125 0.09375 0.10546875
0 0.8578125 0.5828125 0.06484375 0.11328125