0 0.33984375 0.4125 0.05546875 0.103125
0 0.284375 0.36953125 0.0484375 0.12734375
0 0.40859375 0.23359375 0.0453125 0.08203125
0 0.55859375 0.44921875 0.07421875 0.10546875
0 0.578125 0.51640625 0.075 0.0265625
0 0.6515625 0.3109375 0.034375 0.09375
0 0.60703125 0.26953125 0.0484375 0.125
0 0.24765625 0.4984375 0.0453125 0.0625
0 0.13671875 0.43359375 0.053125 0.10078125
0 0.03203125 0.38125 0.06015625 0.13671875
0 0.4640625 0.47421875 0.0625 0.1078125
0 0.4765625 0.12890625 0.0578125 0.11796875
0 0.19921875 0.0859375 0.0625 0.06484375
0 0.21484375 0.19375 0.05546875 0.0765625
0 0.21875 0.28203125 0.06953125 0.071875
0 0.125 0.22265625 0.0578125 0.10546875
0 0.034375 0.1125 0.0578125 0.09140625
0 0.7828125 0.26484375 0.228125 0.5296875
1 0.32265625 0.76484375 0.6453125 0.4703125