1 0.15546875 0.209375 0.3109375 0.41875
1 0.65703125 0.209375 0.4828125 0.41875
1 0.16484375 0.709375 0.3296875 0.58125
0 0.59453125 0.76484375 0.07421875 0.18515625
0 0.46953125 0.7 0.0796875 0.13203125
0 0.43359375 0.5109375 0.05546875 0.103125
0 0.37734375 0.475 0.0484375 0.1125
0 0.65234375 0.54765625 0.07421875 0.10546875
0 0.67265625 0.659375 0.07421875 0.11328125
0 0.73671875 0.84296875 0.0625 0.11328125
0 0.77578125 0.94453125 0.0671875 0.1109375
0 0.84921875 0.66015625 0.07421875 0.134375
0 0.88359375 0.46796875 0.0796875 0.0984375
0 0.8125 0.45078125 0.040625 0.0640625
0 0.7546875 0.4375 0.053125 0.0375
0 0.346875 0.62265625 0.034375 0.1140625
0 0.340625 0.89609375 0.021875 0.1265625
0 0.43359375 0.87890625 0.08203125 0.12265625
0 0.48671875 0.925 0.08203125 0.125
0 0.56953125 0.95546875 0.0921875 0.0890625
0 0.61484375 0.9015625 0.09140625 0.10078125
0 0.5578125 0.57265625 0.0625 0.1078125
0 0.925 0.678125 0.0671875 0.115625
0 0.7734375 0.63125 0.07421875 0.1109375
0 0.85546875 0.83359375 0.0765625 0.15625