0 0.225 0.29296875 0.45 0.5859375
1 0.725 0.29453125 0.55 0.5890625
0 0.396875 0.9015625 0.021875 0.196875
0 0.22734375 0.75234375 0.05078125 0.31015625
0 0.15546875 0.76640625 0.0328125 0.3546875
0 0.0984375 0.75703125 0.03359375 0.28828125
0 0.021875 0.7921875 0.021875 0.20703125
0 0.06640625 0.72109375 0.0265625 0.22109375
0 0.03203125 0.978125 0.0265625 0.04375
0 0.08359375 0.984375 0.0234375 0.03125
0 0.284375 0.95859375 0.0375 0.0828125
0 0.2875 0.75859375 0.0265625 0.303125
0 0.32421875 0.95625 0.0203125 0.0875
0 0.34921875 0.8984375 0.0265625 0.203125
0 0.36796875 0.9015625 0.0234375 0.196875
0 0.23046875 0.96015625 0.0359375 0.0796875
0 0.18125 0.94296875 0.021875 0.1140625
0 0.3609375 0.74609375 0.0265625 0.09375
0 0.33203125 0.80078125 0.0171875 0.21171875
0 0.3125 0.7875 0.021875 0.24765625
0 0.184375 0.71875 0.028125 0.259375
1 0.725 0.79453125 0.55 0.4109375