0 0.39453125 0.32890625 0.4953125 0.3796875
0 0.88984375 0.259375 0.2203125 0.51875
0 0.428125 0.934375 0.075 0.13125
0 0.30390625 0.896875 0.0796875 0.13203125
0 0.26796875 0.7078125 0.05546875 0.103125
0 0.2125 0.66484375 0.0484375 0.12734375
0 0.33671875 0.54375 0.0453125 0.05
0 0.48671875 0.74453125 0.07421875 0.10546875
0 0.50703125 0.85625 0.07421875 0.11328125
0 0.68359375 0.85703125 0.07421875 0.134375
0 0.71875 0.6625 0.0796875 0.10546875
0 0.646875 0.6265625 0.040625 0.1078125
0 0.58984375 0.60625 0.053125 0.09375
0 0.53515625 0.57265625 0.0484375 0.1078125
0 0.1765625 0.8203125 0.0453125 0.11328125
0 0.06484375 0.72890625 0.053125 0.10078125
0 0.02109375 0.890625 0.0421875 0.115625
0 0.07421875 0.9390625 0.071875 0.10546875
0 0.1375 0.965625 0.065625 0.06875
0 0.3921875 0.76953125 0.0625 0.1078125
0 0.146875 0.57734375 0.06953125 0.071875
0 0.05234375 0.54453125 0.0578125 0.0515625
0 0.75234375 0.875 0.0546875 0.115625
0 0.6078125 0.828125 0.07421875 0.1109375
0 0.68984375 0.97578125 0.0765625 0.0484375
0 0.82109375 0.60390625 0.0828125 0.1703125
0 0.9234375 0.6140625 0.153125 0.190625