1 0.29453125 0.25 0.5890625 0.5
1 0.7234375 0.25 0.26875 0.5
0 0.04765625 0.76171875 0.05078125 0.3171875
0 0.11953125 0.76796875 0.03359375 0.38203125
0 0.17890625 0.7671875 0.03359375 0.2953125
0 0.25703125 0.803125 0.021875 0.21171875
0 0.2109375 0.73046875 0.0265625 0.228125
0 0.321875 0.821875 0.03359375 0.16328125
0 0.29609375 0.97421875 0.0296875 0.0515625
0 0.24609375 0.98515625 0.0265625 0.0296875
0 0.04296875 0.96796875 0.0359375 0.0640625
0 0.09375 0.94921875 0.021875 0.1015625
0 0.29140625 0.8171875 0.02890625 0.23828125
0 0.32890625 0.971875 0.0265625 0.05625
0 0.39140625 0.9515625 0.021875 0.0765625
0 0.36015625 0.96171875 0.02421875 0.05546875
0 0.38203125 0.8734375 0.021875 0.071875
0 0.29921875 0.52265625 0.0265625 0.0453125
0 0.27265625 0.534375 0.0171875 0.06875
0 0.25390625 0.53828125 0.0203125 0.0765625
0 0.359375 0.62890625 0.021875 0.103125
0 0.4203125 0.72265625 0.01953125 0.06953125
0 0.3375 0.51953125 0.025 0.0390625
0 0.328125 0.646875 0.02890625 0.05546875
0 0.21171875 0.54453125 0.0265625 0.0890625
0 0.18515625 0.5296875 0.0265625 0.059375
0 0.08984375 0.703125 0.02890625 0.3125
1 0.9484375 0.75 0.103125 0.5
1 0.69375 0.75 0.13125 0.5