2 0.284375 0.1546875 0.56875 0.309375
3 0.39453125 0.34296875 0.1203125 0.0671875
3 0.1796875 0.34609375 0.115625 0.0734375
3 0.24765625 0.44296875 0.1390625 0.19921875
3 0.290625 0.61015625 0.134375 0.178125
3 0.46015625 0.7875 0.13203125 0.19921875
3 0.28984375 0.9296875 0.1265625 0.140625
3 0.0703125 0.9234375 0.140625 0.153125
3 0.0515625 0.784375 0.103125 0.20625
3 0.1296875 0.78203125 0.134375 0.18984375
3 0.4671875 0.44609375 0.13203125 0.18515625
3 0.04453125 0.44609375 0.0890625 0.1734375
2 0.77109375 0.6203125 0.4046875 0.45