0 0.496875 0.321875 0.10625 0.315625
0 0.57890625 0.22421875 0.03359375 0.38203125
0 0.63828125 0.2234375 0.03359375 0.2953125
0 0.71640625 0.259375 0.021875 0.21171875
0 0.6703125 0.18671875 0.0265625 0.228125
0 0.78125 0.278125 0.03359375 0.16328125
0 0.75546875 0.4421875 0.0296875 0.075
0 0.70546875 0.453125 0.0265625 0.053125
0 0.678125 0.46328125 0.025 0.0328125
0 0.6515625 0.459375 0.025 0.040625
0 0.55703125 0.4171875 0.0140625 0.125
0 0.75078125 0.2734375 0.02890625 0.23828125
0 0.78828125 0.43984375 0.0265625 0.0796875
0 0.85078125 0.4078125 0.021875 0.0765625
0 0.81953125 0.41796875 0.02421875 0.05546875
0 0.84140625 0.3296875 0.021875 0.071875
0 0.73203125 0.0125 0.0171875 0.025
0 0.71328125 0.01640625 0.0203125 0.0328125
0 0.81875 0.08515625 0.021875 0.103125
0 0.8796875 0.17890625 0.01953125 0.06953125
0 0.7875 0.103125 0.02890625 0.05546875
0 0.67109375 0.02265625 0.0265625 0.0453125
0 0.55625 0.159375 0.0125 0.3125
1 0.3140625 0.73984375 0.471875 0.5203125
1 0.75078125 0.65625 0.4015625 0.353125
1 0.90703125 0.8265625 0.1859375 0.2875