0 0.28203125 0.44765625 0.0796875 0.1828125
0 0.15390625 0.38359375 0.08203125 0.13671875
0 0.11640625 0.18828125 0.0578125 0.10546875
0 0.0578125 0.14375 0.0484375 0.134375
0 0.18515625 0.02265625 0.0484375 0.0453125
0 0.3421875 0.225 0.0796875 0.1109375
0 0.3640625 0.340625 0.0796875 0.115625
0 0.42890625 0.50625 0.0640625 0.065625
0 0.54453125 0.34296875 0.0703125 0.1421875
0 0.5609375 0.14140625 0.0375 0.1078125
0 0.5078125 0.10234375 0.04296875 0.11328125
0 0.45078125 0.08125 0.05546875 0.0984375
0 0.3921875 0.05234375 0.05 0.1046875
0 0.02265625 0.303125 0.0453125 0.115625
0 0.00703125 0.47109375 0.0140625 0.1015625
0 0.115625 0.52265625 0.084375 0.0328125
0 0.24375 0.2515625 0.06484375 0.11328125
0 0.0125 0.0515625 0.025 0.075
0 0.46875 0.31328125 0.0765625 0.11328125
0 0.5453125 0.490625 0.06875 0.096875
0 0.66328125 0.27421875 0.1671875 0.5296875
0 0.78984375 0.27421875 0.4203125 0.5296875
1 0.28984375 0.76953125 0.5796875 0.4609375
1 0.78984375 0.75546875 0.4203125 0.4328125