1 0.31953125 0.175 0.6390625 0.35
0 0.97109375 0.296875 0.0578125 0.10625
0 0.85546875 0.271875 0.0796875 0.13203125
0 0.81953125 0.0828125 0.05546875 0.103125
0 0.76328125 0.0515625 0.0484375 0.103125
0 0.728125 0.1953125 0.0453125 0.11328125
0 0.65 0.30546875 0.021875 0.0890625
0 0.6890625 0.328125 0.065625 0.04375
0 0.94375 0.14453125 0.0625 0.1078125
0 0.228125 0.84453125 0.2953125 0.2328125
0 0.484375 0.84921875 0.2359375 0.26171875
0 0.3109375 0.7234375 0.26171875 0.209375
0 0.7171875 0.7734375 0.15625 0.453125
0 0.87578125 0.7078125 0.2484375 0.584375