1 0.425 0.1796875 0.409375 0.359375
0 0.8328125 0.23515625 0.021875 0.2484375
0 0.990625 0.1078125 0.01875 0.215625
0 0.94765625 0.2921875 0.0390625 0.134375
0 0.94609375 0.10859375 0.0265625 0.2171875
0 0.9078125 0.290625 0.01875 0.1375
0 0.88203125 0.23203125 0.0265625 0.2546875
0 0.8609375 0.23359375 0.025 0.2515625
0 0.9921875 0.2953125 0.015625 0.128125
0 0.87109375 0.0515625 0.02421875 0.09375
0 0.89921875 0.1078125 0.0171875 0.215625
0 0.9203125 0.109375 0.021875 0.21875
1 0.31484375 0.6796875 0.6296875 0.640625
0 0.81484375 0.6796875 0.3703125 0.640625