0 0.2 0.328125 0.4 0.34375
0 0.7 0.25 0.6 0.5
0 0.2 0.75 0.4 0.5
0 0.45546875 0.553125 0.0515625 0.10625
0 0.528125 0.57109375 0.034375 0.1421875
0 0.58515625 0.54921875 0.0328125 0.0984375
0 0.6640625 0.546875 0.021875 0.09375
0 0.72890625 0.54375 0.0328125 0.0875
0 0.703125 0.71328125 0.02890625 0.15859375
0 0.65390625 0.72421875 0.0265625 0.13671875
0 0.62734375 0.7359375 0.02421875 0.1203125
0 0.6015625 0.7328125 0.02421875 0.1296875
0 0.57578125 0.746875 0.03125 0.09375
0 0.54921875 0.76015625 0.02890625 0.071875
0 0.40859375 0.70078125 0.0171875 0.1734375
0 0.453125 0.696875 0.0359375 0.14921875
0 0.503125 0.66796875 0.021875 0.165625
0 0.6984375 0.56015625 0.028125 0.1203125
0 0.73515625 0.68671875 0.0265625 0.1203125
0 0.79765625 0.6375 0.021875 0.07421875
0 0.76640625 0.64609375 0.02421875 0.05546875
0 0.78828125 0.559375 0.021875 0.06953125