1 0.184375 0.3 0.36875 0.6
0 0.66328125 0.4671875 0.0796875 0.18984375
0 0.53515625 0.39921875 0.08203125 0.13671875
0 0.49765625 0.20390625 0.0578125 0.10546875
0 0.4390625 0.159375 0.0484375 0.134375
0 0.56640625 0.03046875 0.0484375 0.0609375
0 0.7234375 0.240625 0.0796875 0.1109375
0 0.7453125 0.35625 0.0796875 0.115625
0 0.81015625 0.54453125 0.0640625 0.1109375
0 0.92890625 0.35859375 0.07421875 0.1421875
0 0.96171875 0.15703125 0.0765625 0.1078125
0 0.8890625 0.11796875 0.04296875 0.11328125
0 0.83203125 0.096875 0.05546875 0.0984375
0 0.7734375 0.06015625 0.05 0.1203125
0 0.40234375 0.31875 0.0484375 0.115625
0 0.38203125 0.48671875 0.0265625 0.1015625
0 0.38984375 0.56875 0.0421875 0.0625
0 0.496875 0.5609375 0.084375 0.078125
0 0.5515625 0.58359375 0.084375 0.0328125
0 0.6859375 0.578125 0.09375 0.04375
0 0.625 0.2671875 0.06484375 0.11328125
0 0.3875 0.0671875 0.0375 0.075
0 0.9859375 0.37578125 0.028125 0.1203125
0 0.85 0.32890625 0.0765625 0.11328125
0 0.9328125 0.52890625 0.08125 0.1421875
1 0.184375 0.840625 0.36875 0.31875
1 0.684375 0.8 0.63125 0.4