2 0.35703125 0.41171875 0.1046875 0.1921875
2 0.11640625 0.52734375 0.2328125 0.0828125
2 0.796875 0.284375 0.40625 0.56875
3 0.2046875 0.784375 0.409375 0.43125
3 0.95 0.775 0.1 0.209375
3 0.74140625 0.78125 0.146875 0.2328125
3 0.625 0.76953125 0.12265625 0.17578125
3 0.509375 0.76328125 0.13203125 0.1875
3 0.97890625 0.9203125 0.0421875 0.159375
3 0.809375 0.92734375 0.11875 0.1453125
3 0.5890625 0.9171875 0.128125 0.165625
3 0.9640625 0.63125 0.071875 0.125
3 0.7921875 0.63984375 0.14375 0.1421875
3 0.68125 0.62890625 0.125 0.1203125