1 0.225 0.18984375 0.45 0.2984375
1 0.725 0.16953125 0.55 0.3390625
0 0.225 0.64140625 0.45 0.6046875
0 0.7140625 0.965625 0.075 0.06875
0 0.58984375 0.94609375 0.0796875 0.1078125
0 0.55390625 0.7703125 0.05546875 0.103125
0 0.4984375 0.72734375 0.0484375 0.12734375
0 0.62265625 0.59140625 0.0453125 0.08203125
0 0.77265625 0.80703125 0.07421875 0.10546875
0 0.79296875 0.91875 0.07421875 0.11328125
0 0.965625 0.91875 0.06875 0.134375
0 0.98203125 0.72421875 0.0359375 0.1046875
0 0.9328125 0.6890625 0.040625 0.1078125
0 0.87578125 0.66875 0.053125 0.09375
0 0.82109375 0.62734375 0.0484375 0.125
0 0.4671875 0.88203125 0.034375 0.1140625
0 0.678125 0.83203125 0.0625 0.1078125
0 0.690625 0.48671875 0.0578125 0.11796875
0 0.45859375 0.6390625 0.0171875 0.071875
0 0.89375 0.890625 0.07421875 0.1109375