1 0.31953125 0.21484375 0.6390625 0.4296875
0 0.671875 0.20390625 0.065625 0.2546875
0 0.80078125 0.20625 0.18046875 0.24296875
0 0.39296875 0.86875 0.05546875 0.103125
0 0.3375 0.82578125 0.0484375 0.12734375
0 0.46171875 0.68984375 0.0453125 0.08203125
0 0.60625 0.9046875 0.065625 0.10625
0 0.61640625 0.9796875 0.0453125 0.040625
0 0.30078125 0.96171875 0.0453125 0.0765625
0 0.18984375 0.88984375 0.053125 0.10078125
0 0.08515625 0.8375 0.06015625 0.13671875
0 0.5171875 0.93046875 0.0625 0.1078125
0 0.5296875 0.58515625 0.0578125 0.11796875
0 0.25234375 0.5421875 0.0625 0.06484375
0 0.26796875 0.65 0.05546875 0.0765625
0 0.271875 0.73828125 0.06953125 0.071875
0 0.178125 0.67890625 0.0578125 0.10546875
0 0.0875 0.56875 0.0578125 0.09140625
1 0.81953125 0.71484375 0.3609375 0.5703125