0 0.31171875 0.34296875 0.021875 0.32421875
0 0.140625 0.14140625 0.05 0.2828125
0 0.06953125 0.16015625 0.0328125 0.3203125
0 0.0140625 0.13828125 0.028125 0.2765625
0 0.0046875 0.40859375 0.009375 0.1265625
0 0.025 0.425 0.03125 0.09140625
0 0.05 0.43671875 0.02890625 0.071875
0 0.19921875 0.37890625 0.03828125 0.1703125
0 0.20078125 0.14296875 0.0265625 0.2859375
0 0.2390625 0.375 0.01953125 0.1703125
0 0.2640625 0.31640625 0.0265625 0.2859375
0 0.2828125 0.31171875 0.02421875 0.2640625
0 0.1453125 0.37265625 0.0359375 0.14921875
0 0.0953125 0.3453125 0.021875 0.16328125
0 0.275 0.12265625 0.0265625 0.09375
0 0.24609375 0.17734375 0.0171875 0.21171875
0 0.2265625 0.1640625 0.021875 0.24765625
0 0.0984375 0.1125 0.028125 0.225
0 0.74453125 0.234375 0.5109375 0.46875
1 0.24921875 0.8578125 0.4796875 0.284375
1 0.74453125 0.76484375 0.5109375 0.4703125