1 0.259375 0.2015625 0.51875 0.375
1 0.759375 0.19453125 0.48125 0.3890625
0 0.259375 0.65703125 0.51875 0.5359375
0 0.81875 0.93671875 0.075 0.1265625
0 0.69453125 0.9015625 0.0796875 0.13203125
0 0.65859375 0.7125 0.05546875 0.103125
0 0.603125 0.66953125 0.0484375 0.12734375
0 0.72734375 0.53359375 0.0453125 0.08203125
0 0.87734375 0.74921875 0.07421875 0.10546875
0 0.89765625 0.8609375 0.07421875 0.11328125
0 0.9765625 0.6109375 0.046875 0.09375
0 0.92578125 0.56953125 0.0484375 0.125
0 0.5671875 0.825 0.0453125 0.11328125
0 0.53984375 0.96796875 0.0421875 0.0640625
0 0.7828125 0.77421875 0.0625 0.1078125
0 0.79453125 0.43828125 0.0578125 0.0984375
0 0.53359375 0.403125 0.0296875 0.028125
0 0.53984375 0.49296875 0.0421875 0.0765625
0 0.5453125 0.58125 0.053125 0.071875
0 0.98046875 0.83203125 0.0390625 0.1109375