1 0.5984375 0.0828125 0.178125 0.165625
1 0.36875 0.11640625 0.19375 0.2328125
1 0.11640625 0.12109375 0.2109375 0.2421875
1 0.09140625 0.36796875 0.1828125 0.1640625
1 0.321875 0.375 0.190625 0.15
1 0.5875 0.378125 0.203125 0.14375
1 0.83828125 0.225 0.2984375 0.45
2 0.3953125 0.8875 0.20703125 0.20703125
2 0.6328125 0.840625 0.1125 0.146875
2 0.5921875 0.9390625 0.19375 0.121875
2 0.1765625 0.8640625 0.2125 0.271875
2 0.57421875 0.6828125 0.19921875 0.11796875
2 0.54296875 0.76953125 0.22109375 0.12734375
1 0.8171875 0.76953125 0.25625 0.4609375