0 0.09375 0.534375 0.021875 0.090625
0 0.26484375 0.43046875 0.0515625 0.2984375
0 0.3375 0.41640625 0.034375 0.3265625
0 0.39453125 0.4375 0.0328125 0.284375
0 0.4734375 0.47578125 0.021875 0.2078125
0 0.4296875 0.40546875 0.0265625 0.22578125
0 0.5390625 0.496875 0.03359375 0.15859375
0 0.20703125 0.434375 0.0265625 0.290625
0 0.1421875 0.53046875 0.025 0.0984375
0 0.121875 0.5328125 0.021875 0.09375
0 0.1328125 0.43203125 0.02421875 0.09375
0 0.16015625 0.478125 0.0171875 0.203125
0 0.1796875 0.4625 0.021875 0.234375
0 0.5078125 0.47734375 0.028125 0.2046875
0 0.596875 0.5453125 0.021875 0.06875
0 0.515625 0.171875 0.0265625 0.103125
0 0.4890625 0.2 0.0171875 0.09140625
0 0.47109375 0.2109375 0.01953125 0.08671875
0 0.575 0.30546875 0.021875 0.103125
0 0.63203125 0.39765625 0.0140625 0.0703125
0 0.55546875 0.15859375 0.02421875 0.115625
0 0.54453125 0.32265625 0.02890625 0.05546875
0 0.43046875 0.21796875 0.0265625 0.0984375
0 0.40390625 0.19765625 0.02421875 0.08203125
0 0.30703125 0.13828125 0.02421875 0.0453125
0 0.309375 0.37890625 0.02890625 0.3078125
1 0.84296875 0.2546875 0.3140625 0.509375
0 0.32109375 0.64453125 0.2828125 0.1296875
0 0.10078125 0.79296875 0.2015625 0.3328125
0 0.21875 0.94296875 0.1375 0.1140625
0 0.44765625 0.8515625 0.29296875 0.25703125
0 0.5515625 0.615625 0.175 0.071875
1 0.81953125 0.78984375 0.3609375 0.4203125