2 0.25 0.1296875 0.5 0.259375
3 0.8046875 0.1015625 0.0765625 0.08203125
3 0.97265625 0.18359375 0.0546875 0.1078125
3 0.62265625 0.03203125 0.1265625 0.0640625
3 0.6078125 0.21640625 0.084375 0.0859375
3 0.80703125 0.2203125 0.0984375 0.0671875
3 0.95859375 0.04609375 0.0765625 0.0921875
3 0.35546875 0.68671875 0.2890625 0.6140625
3 0.1359375 0.4484375 0.271875 0.3375
3 0.18828125 0.790625 0.3765625 0.415625
3 0.33671875 0.30390625 0.3265625 0.0890625
3 0.61796875 0.35234375 0.2359375 0.1859375