0 0.2296875 0.23984375 0.075 0.0984375
0 0.10546875 0.21875 0.0796875 0.13203125
0 0.06875 0.040625 0.05625 0.08125
0 0.01875 0.025 0.0375 0.05
0 0.28828125 0.06640625 0.07421875 0.10546875
0 0.30859375 0.178125 0.07421875 0.11328125
0 0.48515625 0.17890625 0.07421875 0.134375
0 0.51953125 0.01796875 0.0796875 0.0359375
0 0.19375 0.09140625 0.0625 0.1078125
0 0.5609375 0.196875 0.0671875 0.115625
0 0.409375 0.15 0.07421875 0.1109375
0 0.80703125 0.14453125 0.3546875 0.2890625
1 0.31484375 0.64453125 0.6296875 0.7109375
0 0.8234375 0.59140625 0.353125 0.6046875