1 0.78984375 0.19453125 0.4203125 0.3890625
0 0.28984375 0.7296875 0.5796875 0.540625
0 0.9875 0.6609375 0.025 0.309375
0 0.9296875 0.66796875 0.03359375 0.37265625
0 0.871875 0.66640625 0.03359375 0.28828125
0 0.7953125 0.7015625 0.021875 0.20703125
0 0.83984375 0.63046875 0.0265625 0.22109375
0 0.73125 0.7203125 0.03359375 0.15859375
0 0.75625 0.921875 0.028125 0.15625
0 0.80546875 0.9328125 0.0265625 0.134375
0 0.83203125 0.94296875 0.0234375 0.1140625
0 0.85703125 0.9390625 0.0234375 0.121875
0 0.884375 0.95546875 0.03125 0.0890625
0 0.90859375 0.96640625 0.0296875 0.0671875
0 0.99296875 0.9046875 0.0140625 0.15
0 0.9546875 0.878125 0.021875 0.16328125
0 0.76171875 0.715625 0.0265625 0.23046875
0 0.72578125 0.89765625 0.0265625 0.11796875
0 0.6640625 0.8484375 0.01953125 0.07421875
0 0.69453125 0.85625 0.021875 0.053125
0 0.67265625 0.77109375 0.01953125 0.06953125
0 0.75234375 0.41953125 0.0265625 0.0609375
0 0.78046875 0.43046875 0.0171875 0.0828125
0 0.7984375 0.43828125 0.0171875 0.08671875
0 0.6953125 0.53203125 0.021875 0.10078125
0 0.63515625 0.621875 0.01953125 0.06953125
0 0.7140625 0.41640625 0.025 0.0546875
0 0.72578125 0.5484375 0.02890625 0.053125
0 0.83828125 0.4453125 0.02421875 0.09609375
0 0.86484375 0.42734375 0.0265625 0.0765625
0 0.95859375 0.60546875 0.02890625 0.30546875