1 0.18984375 0.275 0.3796875 0.55
0 0.68984375 0.2125 0.6203125 0.425
1 0.18984375 0.7984375 0.3796875 0.403125
0 0.78515625 0.94765625 0.05546875 0.10078125
0 0.7296875 0.90546875 0.0453125 0.12734375
0 0.85234375 0.76953125 0.0453125 0.08203125
0 0.98203125 0.96484375 0.0359375 0.0703125
0 0.58203125 0.95859375 0.0515625 0.0828125
0 0.478125 0.91640625 0.06015625 0.13671875
0 0.9078125 0.97734375 0.0625 0.0453125
0 0.9203125 0.66484375 0.0578125 0.1203125
0 0.6453125 0.62265625 0.06015625 0.06484375
0 0.66015625 0.7296875 0.05546875 0.0765625
0 0.66328125 0.81796875 0.06953125 0.071875
0 0.56953125 0.75859375 0.0578125 0.103125
0 0.48046875 0.64921875 0.0578125 0.09140625