0 0.390625 0.16640625 0.0375 0.3328125
0 0.14765625 0.1796875 0.0859375 0.359375
0 0.2796875 0.1796875 0.0625 0.359375
0 0.82109375 0.234375 0.05546875 0.103125
0 0.765625 0.19140625 0.0484375 0.12734375
0 0.88984375 0.05546875 0.0453125 0.08203125
0 0.72890625 0.32421875 0.0453125 0.0703125
0 0.61796875 0.25546875 0.053125 0.10078125
0 0.515625 0.20234375 0.053125 0.1359375
0 0.9453125 0.29609375 0.0625 0.1078125
0 0.6953125 0.0265625 0.05625 0.053125
0 0.7 0.10390625 0.06953125 0.071875
0 0.60546875 0.0484375 0.0578125 0.096875
1 0.3828125 0.71484375 0.2125 0.2921875
0 0.74453125 0.6796875 0.5109375 0.640625