0 0.2546875 0.5390625 0.1921875 0.2546875
0 0.07890625 0.56953125 0.1578125 0.2328125
0 0.05859375 0.196875 0.1171875 0.24375
0 0.215625 0.1296875 0.12265625 0.1203125
0 0.4234375 0.128125 0.0984375 0.12265625
0 0.43671875 0.53984375 0.1640625 0.2421875
0 0.73203125 0.0875 0.0640625 0.175
0 0.52421875 0.56640625 0.0109375 0.1109375
0 0.5671875 0.66796875 0.096875 0.0828125
0 0.8078125 0.665625 0.06875 0.0875
0 0.86875 0.165625 0.08671875 0.165625
0 0.6828125 0.303125 0.09140625 0.13203125
0 0.9875 0.12265625 0.025 0.1265625
0 0.98046875 0.43046875 0.0390625 0.1140625
0 0.86328125 0.34296875 0.05546875 0.103125
0 0.1046875 0.8859375 0.209375 0.228125
0 0.31796875 0.88046875 0.2359375 0.2390625
0 0.14453125 0.790625 0.2609375 0.1625
0 0.759375 0.8546875 0.48125 0.290625