1 0.2 0.3046875 0.4 0.509375
1 0.66796875 0.2671875 0.5359375 0.534375
1 0.2 0.7796875 0.4 0.440625
0 0.803125 0.91875 0.05 0.1625
0 0.875 0.90546875 0.034375 0.1890625
0 0.934375 0.9265625 0.034375 0.146875
0 0.96640625 0.925 0.0265625 0.15
0 0.74296875 0.9234375 0.0265625 0.153125
0 0.6671875 0.971875 0.025 0.05625
0 0.69609375 0.96796875 0.0171875 0.0640625
0 0.7171875 0.9515625 0.021875 0.096875
0 0.96875 0.775 0.0265625 0.0984375
0 0.9421875 0.75390625 0.0265625 0.08203125
0 0.84375 0.69453125 0.02421875 0.0484375
0 0.8453125 0.890625 0.028125 0.21875