0 0.2046875 0.2421875 0.409375 0.484375
0 0.71015625 0.275 0.5796875 0.55
1 0.1625 0.8046875 0.325 0.390625
0 0.571875 0.68671875 0.05 0.2734375
0 0.64375 0.70546875 0.034375 0.3109375
0 0.703125 0.68359375 0.034375 0.2671875
0 0.78203125 0.70625 0.021875 0.21171875
0 0.73515625 0.6484375 0.0265625 0.196875
0 0.846875 0.725 0.03359375 0.16328125
0 0.82109375 0.92578125 0.0296875 0.1484375
0 0.77109375 0.93671875 0.0265625 0.1265625
0 0.74375 0.946875 0.025 0.10625
0 0.7171875 0.94296875 0.025 0.1140625
0 0.690625 0.959375 0.034375 0.08125
0 0.66484375 0.971875 0.0296875 0.05625
0 0.51328125 0.91640625 0.0390625 0.1671875
0 0.51171875 0.6875 0.0265625 0.275
0 0.4734375 0.91484375 0.01875 0.1703125
0 0.44765625 0.85625 0.0265625 0.2875
0 0.42734375 0.85234375 0.02421875 0.271875
0 0.56875 0.91484375 0.0359375 0.1515625
0 0.61875 0.8859375 0.021875 0.16796875
0 0.43671875 0.659375 0.02421875 0.09375
0 0.465625 0.7140625 0.0171875 0.21875
0 0.4859375 0.7 0.021875 0.2546875
0 0.81640625 0.7203125 0.02890625 0.23828125
0 0.85390625 0.90703125 0.0265625 0.1203125
0 0.91640625 0.8546875 0.021875 0.0765625
0 0.88515625 0.86484375 0.02421875 0.05546875
0 0.90703125 0.7765625 0.021875 0.071875
0 0.884375 0.56640625 0.021875 0.0328125
0 0.9453125 0.62578125 0.01953125 0.06953125
0 0.85234375 0.56328125 0.0296875 0.0265625
0 0.6140625 0.65625 0.028125 0.2125