1 0.290625 0.19453125 0.58125 0.3890625
0 0.6640625 0.35859375 0.06875 0.0609375
0 0.71953125 0.20390625 0.07421875 0.10546875
0 0.73984375 0.315625 0.07421875 0.11328125
0 0.91640625 0.31640625 0.07421875 0.134375
0 0.9515625 0.121875 0.0796875 0.10546875
0 0.8796875 0.0859375 0.040625 0.1078125
0 0.82265625 0.065625 0.053125 0.09375
0 0.76796875 0.04296875 0.0484375 0.0859375
0 0.64296875 0.22890625 0.0265625 0.1078125
0 0.97890625 0.3328125 0.0421875 0.1125
0 0.840625 0.2875 0.07421875 0.1109375
1 0.33359375 0.8171875 0.40390625 0.2765625
0 0.81484375 0.69453125 0.3703125 0.6109375