0 0.3390625 0.44921875 0.03359375 0.37265625
0 0.28125 0.44765625 0.03359375 0.28828125
0 0.2046875 0.4828125 0.021875 0.20703125
0 0.24921875 0.41171875 0.0265625 0.22109375
0 0.140625 0.5015625 0.03359375 0.15859375
0 0.165625 0.646875 0.028125 0.04375
0 0.3609375 0.62265625 0.015625 0.0921875
0 0.17109375 0.496875 0.0265625 0.23046875
0 0.13515625 0.64375 0.0265625 0.05
0 0.0734375 0.6296875 0.01953125 0.07421875
0 0.10390625 0.6375 0.021875 0.053125
0 0.08203125 0.55234375 0.01953125 0.06953125
0 0.1625 0.18125 0.0265625 0.10078125
0 0.18984375 0.20859375 0.0171875 0.0890625
0 0.2078125 0.21953125 0.0171875 0.08671875
0 0.1046875 0.31328125 0.021875 0.10078125
0 0.04453125 0.403125 0.01953125 0.06953125
0 0.12421875 0.16796875 0.02421875 0.115625
0 0.13515625 0.3296875 0.02890625 0.053125
0 0.24765625 0.2265625 0.02421875 0.09609375
0 0.27421875 0.20625 0.0265625 0.08203125
0 0.36328125 0.14765625 0.0109375 0.0453125
0 0.3609375 0.3859375 0.015625 0.30625
1 0.684375 0.3125 0.63125 0.625
1 0.28125 0.75078125 0.175 0.1640625
1 0.184375 0.90546875 0.36875 0.1890625
0 0.715625 0.834375 0.56875 0.33125