0 0.15546875 0.21953125 0.3109375 0.4390625
0 0.353125 0.18125 0.43125 0.3625
0 0.82578125 0.2265625 0.3484375 0.36875
0 0.75234375 0.3609375 0.2828125 0.15625
0 0.29453125 0.93515625 0.0796875 0.1296875
0 0.16640625 0.89765625 0.08203125 0.13671875
0 0.12890625 0.70234375 0.0578125 0.10546875
0 0.0703125 0.6578125 0.0484375 0.134375
0 0.1984375 0.5171875 0.0484375 0.084375
0 0.3546875 0.7390625 0.0796875 0.1109375
0 0.3765625 0.8546875 0.0796875 0.115625
0 0.5453125 0.85703125 0.046875 0.1421875
0 0.5203125 0.61640625 0.04296875 0.11328125
0 0.46328125 0.5953125 0.05546875 0.0984375
0 0.40546875 0.55390625 0.05078125 0.13203125
0 0.03359375 0.8171875 0.0484375 0.115625
0 0.01328125 0.9671875 0.0265625 0.065625
0 0.25625 0.765625 0.06484375 0.11328125
0 0.26953125 0.4546875 0.0609375 0.03125
0 0.01328125 0.47734375 0.0265625 0.0765625
0 0.01875 0.565625 0.0375 0.075
0 0.48125 0.82734375 0.0765625 0.11328125
1 0.784375 0.7203125 0.43125 0.559375