1 0.23984375 0.28203125 0.4796875 0.5640625
1 0.81640625 0.3 0.3671875 0.6
0 0.1046875 0.8390625 0.021875 0.321875
0 0.278125 0.69140625 0.05 0.1828125
0 0.35 0.71015625 0.034375 0.2203125
0 0.409375 0.68828125 0.034375 0.1765625
0 0.44140625 0.653125 0.0265625 0.10625
0 0.471875 0.90234375 0.015625 0.1390625
0 0.45078125 0.915625 0.02421875 0.12265625
0 0.42421875 0.9109375 0.02421875 0.1296875
0 0.39765625 0.9265625 0.03359375 0.09609375
0 0.371875 0.9390625 0.02890625 0.071875
0 0.2203125 0.88046875 0.03828125 0.17578125
0 0.21796875 0.6921875 0.0265625 0.184375
0 0.18046875 0.87578125 0.01953125 0.1734375
0 0.15390625 0.8171875 0.0265625 0.290625
0 0.13359375 0.81171875 0.02421875 0.271875
0 0.275 0.87421875 0.0359375 0.1515625
0 0.325 0.8453125 0.021875 0.16796875
0 0.1421875 0.6328125 0.025 0.065625
0 0.17109375 0.69140625 0.0171875 0.1828125
0 0.1921875 0.69296875 0.021875 0.1859375
0 0.3203125 0.6609375 0.028125 0.121875
1 0.84453125 0.809375 0.3109375 0.38125