1 0.15 0.26484375 0.3 0.5296875
0 0.42578125 0.40546875 0.0515625 0.2484375
0 0.4984375 0.39140625 0.034375 0.2765625
0 0.55546875 0.4125 0.0328125 0.234375
0 0.634375 0.45078125 0.021875 0.1578125
0 0.590625 0.40546875 0.0265625 0.22578125
0 0.69921875 0.4734375 0.0328125 0.1125
0 0.36796875 0.409375 0.0265625 0.240625
0 0.32109375 0.453125 0.0171875 0.153125
0 0.340625 0.4375 0.021875 0.184375
0 0.66875 0.45234375 0.028125 0.1546875
0 0.7578125 0.5203125 0.021875 0.01875
0 0.6765625 0.171875 0.0265625 0.103125
0 0.65 0.2 0.0171875 0.09140625
0 0.63203125 0.2109375 0.01953125 0.08671875
0 0.7359375 0.30546875 0.021875 0.103125
0 0.796875 0.3984375 0.01953125 0.06953125
0 0.71640625 0.15859375 0.02421875 0.115625
0 0.70546875 0.32265625 0.02890625 0.05546875
0 0.59140625 0.21796875 0.0265625 0.0984375
0 0.56484375 0.19765625 0.02421875 0.08203125
0 0.46796875 0.13828125 0.02421875 0.0453125
0 0.46953125 0.37734375 0.0296875 0.3046875
1 0.15 0.76484375 0.3 0.4703125
1 0.65 0.76484375 0.7 0.4703125