0 0.175 0.3046875 0.35 0.609375
1 0.675 0.3046875 0.65 0.609375
0 0.109375 0.83828125 0.021875 0.3234375
0 0.2828125 0.6953125 0.05 0.171875
0 0.34375 0.7140625 0.0125 0.209375
0 0.225 0.87890625 0.03828125 0.17578125
0 0.22265625 0.69609375 0.0265625 0.1734375
0 0.18515625 0.87421875 0.01953125 0.1734375
0 0.15859375 0.815625 0.0265625 0.290625
0 0.13828125 0.81015625 0.02421875 0.271875
0 0.2796875 0.87265625 0.0359375 0.1515625
0 0.3296875 0.84375 0.021875 0.16796875
0 0.146875 0.63671875 0.025 0.0546875
0 0.17578125 0.6953125 0.0171875 0.171875
0 0.196875 0.696875 0.021875 0.175
0 0.325 0.66484375 0.028125 0.1109375
0 0.675 0.8046875 0.65 0.390625