1 0.259375 0.26953125 0.51875 0.5390625
1 0.759375 0.26953125 0.48125 0.5390625
0 0.4109375 0.95546875 0.021875 0.0890625
0 0.240625 0.85234375 0.05 0.2953125
0 0.16953125 0.83984375 0.0328125 0.3203125
0 0.11171875 0.86015625 0.0328125 0.2796875
0 0.0359375 0.89765625 0.021875 0.2046875
0 0.08046875 0.82890625 0.0265625 0.22109375
0 0.30078125 0.85703125 0.0265625 0.2859375
0 0.36328125 0.95234375 0.0265625 0.0953125
0 0.38203125 0.95546875 0.0234375 0.0890625
0 0.375 0.85390625 0.0265625 0.09375
0 0.34609375 0.90078125 0.0171875 0.1984375
0 0.3265625 0.88515625 0.021875 0.2296875
0 0.0078125 0.89921875 0.015625 0.2015625
0 0.003125 0.59765625 0.00625 0.1015625
0 0.02109375 0.62578125 0.0171875 0.0890625
0 0.0390625 0.63671875 0.0171875 0.08671875
0 0.07890625 0.64375 0.02421875 0.09609375
0 0.10546875 0.6234375 0.0265625 0.08203125
0 0.2015625 0.56484375 0.02421875 0.0453125
0 0.19921875 0.80390625 0.02890625 0.30546875
1 0.759375 0.76953125 0.48125 0.4609375