0 0.09296875 0.16171875 0.0578125 0.10546875
0 0.034375 0.1171875 0.0484375 0.134375
0 0.16171875 0.009375 0.0484375 0.01875
0 0.31875 0.1984375 0.0796875 0.1109375
0 0.33984375 0.2828125 0.0796875 0.053125
0 0.5078125 0.27734375 0.04375 0.0640625
0 0.484375 0.07578125 0.04296875 0.11328125
0 0.42734375 0.0546875 0.05546875 0.0984375
0 0.36875 0.0390625 0.05 0.078125
0 0.0109375 0.2640625 0.021875 0.090625
0 0.2203125 0.225 0.06484375 0.11328125
0 0.44453125 0.26953125 0.0765625 0.0796875
1 0.76328125 0.1546875 0.4671875 0.309375
1 0.065625 0.70234375 0.13125 0.2890625
1 0.34375 0.659375 0.371875 0.68125
1 0.7546875 0.6546875 0.440625 0.690625