1 0.3546875 0.315625 0.709375 0.628125
1 0.8546875 0.31484375 0.290625 0.6296875
1 0.3546875 0.79765625 0.709375 0.3359375
0 0.93671875 0.79765625 0.021875 0.32421875
0 0.765625 0.68359375 0.05 0.1078125
0 0.82421875 0.83359375 0.03828125 0.1703125
0 0.82578125 0.68515625 0.0265625 0.1109375
0 0.8640625 0.8296875 0.01953125 0.1703125
0 0.88828125 0.771875 0.0265625 0.284375
0 0.9078125 0.76640625 0.02421875 0.2640625
0 0.7703125 0.82734375 0.0359375 0.14921875
0 0.7203125 0.8 0.021875 0.16328125
0 0.87109375 0.68359375 0.0171875 0.1078125
0 0.8515625 0.6859375 0.021875 0.1125