0 0.09921875 0.4859375 0.1984375 0.228125
0 0.40078125 0.628125 0.2328125 0.121875
0 0.5640625 0.20390625 0.23125 0.3890625
0 0.38984375 0.1390625 0.15859375 0.19921875
0 0.13828125 0.31640625 0.22109375 0.1875
0 0.15859375 0.6328125 0.3171875 0.1125
1 0.746875 0.44765625 0.134375 0.4828125
0 0.39453125 0.72109375 0.2109375 0.0640625
0 0.609375 0.8890625 0.140625 0.221875
0 0.39453125 0.89296875 0.2140625 0.2140625
0 0.14921875 0.896875 0.1921875 0.20625
0 0.83984375 0.84453125 0.3203125 0.3109375