0 0.23984375 0.21484375 0.4796875 0.4296875
1 0.73984375 0.31015625 0.5203125 0.2390625
0 0.40390625 0.76953125 0.021875 0.32421875
0 0.2328125 0.56953125 0.05 0.2796875
0 0.16171875 0.58828125 0.0328125 0.3171875
0 0.10390625 0.56640625 0.0328125 0.2734375
0 0.028125 0.5953125 0.021875 0.20703125
0 0.07265625 0.53203125 0.0265625 0.2046875
0 0.0390625 0.82734375 0.0265625 0.134375
0 0.065625 0.840625 0.02421875 0.1203125
0 0.090625 0.8359375 0.02421875 0.12734375
0 0.1171875 0.8515625 0.03125 0.09140625
0 0.1421875 0.86328125 0.02890625 0.071875
0 0.29140625 0.80546875 0.03828125 0.1703125
0 0.29296875 0.57109375 0.0265625 0.2828125
0 0.33125 0.8015625 0.01953125 0.1703125
0 0.35625 0.74296875 0.0265625 0.2859375
0 0.375 0.73828125 0.02421875 0.2640625
0 0.2375 0.79921875 0.0359375 0.14921875
0 0.1875 0.771875 0.021875 0.16328125
0 0.3671875 0.54921875 0.0265625 0.09375
0 0.33828125 0.60390625 0.0171875 0.21171875
0 0.31875 0.590625 0.021875 0.24765625
0 0.00390625 0.60859375 0.0078125 0.2296875
0 0.190625 0.540625 0.028125 0.221875
0 0.73984375 0.71484375 0.5203125 0.5703125