0 0.31015625 0.32890625 0.0515625 0.1796875
0 0.3828125 0.31484375 0.034375 0.2078125
0 0.43984375 0.3359375 0.0328125 0.165625
0 0.51875 0.37421875 0.021875 0.0890625
0 0.47421875 0.334375 0.0265625 0.16875
0 0.58359375 0.396875 0.0328125 0.04375
0 0.25234375 0.3328125 0.0265625 0.171875
0 0.17734375 0.38046875 0.0234375 0.0765625
0 0.20546875 0.3765625 0.0171875 0.084375
0 0.225 0.3609375 0.021875 0.115625
0 0.553125 0.37578125 0.028125 0.0859375
0 0.5609375 0.1296875 0.0265625 0.103125
0 0.534375 0.1578125 0.0171875 0.09140625
0 0.51640625 0.16875 0.01953125 0.08671875
0 0.6203125 0.26328125 0.021875 0.103125
0 0.68125 0.35625 0.01953125 0.06953125
0 0.60078125 0.11640625 0.02421875 0.115625
0 0.58984375 0.28046875 0.02890625 0.05546875
0 0.47578125 0.17578125 0.0265625 0.0984375
0 0.44921875 0.15546875 0.02421875 0.08203125
0 0.35234375 0.09609375 0.02421875 0.0453125
0 0.35390625 0.30078125 0.0296875 0.2359375
1 0.875 0.209375 0.25 0.41875
1 0.559375 0.690625 0.38125 0.271875
1 0.371875 0.90234375 0.3875 0.1953125
1 0.65546875 0.9078125 0.1890625 0.184375
0 0.878125 0.709375 0.24375 0.58125