2 0.13515625 0.19453125 0.2703125 0.3890625
2 0.1234375 0.3296875 0.246875 0.11875
2 0.3546875 0.27734375 0.290625 0.2234375
3 0.75 0.2359375 0.5 0.30625
2 0.1171875 0.875 0.20703125 0.209375
2 0.028125 0.71796875 0.05625 0.3640625
2 0.1015625 0.4859375 0.184375 0.19375
2 0.3203125 0.50390625 0.24375 0.2296875
2 0.35390625 0.68046875 0.209375 0.290625
2 0.409375 0.87734375 0.18125 0.2453125
2 0.48515625 0.63671875 0.0296875 0.2046875
3 0.8390625 0.64921875 0.321875 0.5203125
3 0.61796875 0.546875 0.2359375 0.315625