0 0.3578125 0.16484375 0.184375 0.3296875
0 0.10859375 0.16484375 0.2171875 0.3296875
1 0.725 0.1671875 0.55 0.325
0 0.1328125 0.815625 0.021875 0.3265625
0 0.3046875 0.6 0.05078125 0.3125
0 0.37734375 0.6046875 0.03359375 0.37734375
0 0.43359375 0.603125 0.0328125 0.290625
0 0.44375 0.88203125 0.0125 0.1296875
0 0.42421875 0.896875 0.03125 0.09375
0 0.39765625 0.91015625 0.02890625 0.071875
0 0.246875 0.8515625 0.03828125 0.1734375
0 0.24609375 0.6046875 0.0265625 0.30546875
0 0.2078125 0.84765625 0.01953125 0.1734375
0 0.18203125 0.7890625 0.02421875 0.28828125
0 0.16171875 0.784375 0.021875 0.26953125
0 0.3015625 0.846875 0.0359375 0.14921875
0 0.3515625 0.81796875 0.021875 0.165625
0 0.171875 0.59453125 0.02421875 0.09375
0 0.2 0.6484375 0.0171875 0.21640625
0 0.21953125 0.63359375 0.021875 0.25
0 0.43984375 0.36484375 0.0203125 0.0703125
0 0.3484375 0.54140625 0.02890625 0.3078125
0 0.725 0.69765625 0.55 0.5859375