0 0.32890625 0.21015625 0.6578125 0.4203125
0 0.12265625 0.89375 0.0515625 0.2125
0 0.1953125 0.8796875 0.034375 0.240625
0 0.25234375 0.90078125 0.0328125 0.1984375
0 0.33125 0.9390625 0.021875 0.121875
0 0.28671875 0.89921875 0.0265625 0.2015625
0 0.39609375 0.96171875 0.0328125 0.0765625
0 0.06484375 0.89765625 0.0265625 0.2046875
0 0.01796875 0.94140625 0.0171875 0.1171875
0 0.0375 0.92578125 0.021875 0.1484375
0 0.365625 0.940625 0.028125 0.11875
0 0.3734375 0.678125 0.0265625 0.103125
0 0.346875 0.70625 0.0171875 0.09140625
0 0.32890625 0.7171875 0.01953125 0.08671875
0 0.4328125 0.81171875 0.021875 0.103125
0 0.49375 0.9046875 0.01953125 0.06953125
0 0.41328125 0.66484375 0.02421875 0.115625
0 0.40234375 0.82890625 0.02890625 0.05546875
0 0.28828125 0.72421875 0.0265625 0.0984375
0 0.26171875 0.70390625 0.02421875 0.08203125
0 0.16484375 0.64453125 0.02421875 0.0453125
0 0.16640625 0.865625 0.0296875 0.26875
1 0.8296875 0.775 0.340625 0.45