0 0.2546875 0.07421875 0.509375 0.1484375
1 0.73046875 0.16953125 0.4421875 0.3390625
0 0.40546875 0.87265625 0.07421875 0.18515625
0 0.28046875 0.8078125 0.0796875 0.13203125
0 0.24453125 0.61875 0.05546875 0.103125
0 0.1890625 0.57578125 0.0484375 0.12734375
0 0.31328125 0.43984375 0.0453125 0.08203125
0 0.46328125 0.65546875 0.07421875 0.10546875
0 0.47734375 0.76640625 0.0640625 0.1140625
0 0.4984375 0.475 0.021875 0.125
0 0.153125 0.73125 0.0453125 0.11328125
0 0.04140625 0.63984375 0.053125 0.10078125
0 0.009375 0.8015625 0.01875 0.115625
0 0.05078125 0.85 0.071875 0.10546875
0 0.11484375 0.8921875 0.06484375 0.0984375
0 0.12109375 0.9703125 0.0828125 0.059375
0 0.24375 0.9625 0.08125 0.075
0 0.296875 0.98515625 0.08125 0.0296875
0 0.425 0.97890625 0.090625 0.0421875
0 0.36875 0.68046875 0.0625 0.1078125
0 0.38046875 0.36640625 0.0578125 0.0546875
0 0.11953125 0.4 0.05546875 0.0765625
0 0.1234375 0.48828125 0.06953125 0.071875
0 0.0296875 0.42890625 0.0578125 0.10546875
0 0.7546875 0.66953125 0.490625 0.6609375