1 0.259375 0.1796875 0.51875 0.359375
0 0.759375 0.1796875 0.48125 0.359375
0 0.22109375 0.946875 0.0796875 0.10625
0 0.09296875 0.92109375 0.08203125 0.13671875
0 0.05546875 0.72578125 0.0578125 0.10546875
0 0.01015625 0.68125 0.0203125 0.134375
0 0.125 0.540625 0.0484375 0.084375
0 0.28125 0.7625 0.0796875 0.1109375
0 0.303125 0.878125 0.0796875 0.115625
0 0.48359375 0.88046875 0.0703125 0.1421875
0 0.5 0.67890625 0.0375 0.1078125
0 0.446875 0.63984375 0.04296875 0.11328125
0 0.38984375 0.61875 0.05546875 0.0984375
0 0.33203125 0.57734375 0.05078125 0.13203125
0 0.1828125 0.7890625 0.06484375 0.11328125
0 0.196875 0.43125 0.06015625 0.125
0 0.4078125 0.85078125 0.0765625 0.11328125
1 0.759375 0.8828125 0.48125 0.234375