3 0.16953125 0.21484375 0.3390625 0.4296875
4 0.72734375 0.1125 0.08671875 0.1921875
4 0.64140625 0.0640625 0.0765625 0.128125
4 0.7734375 0.38359375 0.090625 0.0921875
4 0.6484375 0.37421875 0.090625 0.1109375
3 0.16953125 0.71484375 0.3390625 0.5703125
3 0.8765625 0.96171875 0.246875 0.0765625
3 0.58671875 0.68828125 0.33671875 0.34140625
3 0.78984375 0.5609375 0.2359375 0.2625
3 0.92109375 0.62421875 0.1578125 0.2859375
3 0.46796875 0.54296875 0.2578125 0.2265625
3 0.4 0.80078125 0.121875 0.3671875
3 0.909375 0.86640625 0.18125 0.2265625