4 0.296875 0.40078125 0.21875 0.1359375
4 0.453125 0.40859375 0.19375 0.1203125
4 0.528125 0.359375 0.04375 0.21875
4 0.321875 0.18125 0.1078125 0.1609375
4 0.21015625 0.12265625 0.13203125 0.14453125
4 0.16171875 0.35234375 0.1828125 0.1609375
4 0.2484375 0.26875 0.240625 0.1703125
4 0.46640625 0.2484375 0.15859375 0.1703125
4 0.13671875 0.43359375 0.1703125 0.0703125
4 0.896875 0.11171875 0.20625 0.1796875
4 0.66953125 0.115625 0.2390625 0.15625
4 0.265625 0.734375 0.53125 0.53125
4 0.62421875 0.77421875 0.1484375 0.4515625