3 0.39296875 0.26953125 0.6921875 0.5390625
3 0.86953125 0.26953125 0.2609375 0.5390625
3 0.496875 0.6953125 0.08203125 0.084375
3 0.49453125 0.9453125 0.07421875 0.09375
3 0.3296875 0.9125 0.103125 0.08671875
3 0.30078125 0.78046875 0.09375 0.11328125
3 0.159375 0.7 0.12265625 0.0765625
3 0.06796875 0.87421875 0.09140625 0.09375
3 0.68046875 0.97890625 0.1078125 0.0421875
3 0.6796875 0.5984375 0.11875 0.11875
3 0.6984375 0.8171875 0.08125 0.09375
3 0.49453125 0.8203125 0.103125 0.071875
3 0.33671875 0.62890625 0.08203125 0.11328125
2 0.86953125 0.76953125 0.2609375 0.4609375