4 0.19375 0.14453125 0.3875 0.2890625
4 0.67109375 0.14375 0.3609375 0.2875
4 0.19453125 0.3546875 0.3890625 0.13125
4 0.19453125 0.66953125 0.3890625 0.4453125
4 0.92578125 0.8546875 0.1484375 0.290625
4 0.89609375 0.9578125 0.2078125 0.084375
4 0.684375 0.78515625 0.21875 0.28359375
4 0.84609375 0.75859375 0.2046875 0.2015625
4 0.946875 0.6859375 0.10625 0.253125
4 0.709375 0.490625 0.1078125 0.1609375
4 0.59765625 0.43203125 0.13203125 0.14453125
4 0.54921875 0.66171875 0.1828125 0.1609375
4 0.6359375 0.578125 0.240625 0.1703125
4 0.85390625 0.5578125 0.15859375 0.1703125
4 0.52421875 0.85390625 0.1703125 0.2921875