3 0.56953125 0.1171875 0.0796875 0.234375
3 0.35703125 0.090625 0.2671875 0.18125
3 0.1859375 0.221875 0.25703125 0.28828125
3 0.03984375 0.1140625 0.0796875 0.2125
3 0.50859375 0.4328125 0.2015625 0.253125
3 0.20859375 0.48671875 0.2671875 0.1453125
3 0.7234375 0.1484375 0.228125 0.28125
3 0.81484375 0.403125 0.365625 0.30078125
3 0.3265625 0.6359375 0.35 0.153125
3 0.3125 0.90078125 0.365625 0.1984375
3 0.86015625 0.609375 0.1734375 0.1
3 0.9625 0.7296875 0.075 0.196875
3 0.72109375 0.94375 0.2234375 0.1125
3 0.93671875 0.853125 0.1265625 0.10625
3 0.81171875 0.69765625 0.1875 0.21640625