4 0.17421875 0.20859375 0.3484375 0.4171875
4 0.775 0.35546875 0.09375 0.20703125
4 0.5296875 0.37109375 0.13671875 0.13203125
4 0.95390625 0.459375 0.0921875 0.059375
4 0.42109375 0.27578125 0.0828125 0.1359375
3 0.18984375 0.74453125 0.3796875 0.5109375
4 0.878125 0.875 0.24375 0.25
4 0.63046875 0.85859375 0.3015625 0.2828125
4 0.45390625 0.76875 0.1484375 0.253125
4 0.6125 0.6359375 0.22578125 0.2671875
4 0.8453125 0.6703125 0.309375 0.253125
4 0.56484375 0.53359375 0.2328125 0.0890625
4 0.76328125 0.54453125 0.2296875 0.1109375