3 0.2296875 0.1796875 0.459375 0.359375
3 0.97109375 0.03984375 0.0578125 0.0796875
3 0.84140625 0.078125 0.11328125 0.14921875
3 0.7390625 0.13203125 0.12734375 0.09609375
3 0.9578125 0.19375 0.084375 0.096875
3 0.81875 0.328125 0.11328125 0.0625
3 0.67890625 0.27421875 0.13203125 0.12734375
3 0.5890625 0.0671875 0.1296875 0.0984375
3 0.509375 0.18984375 0.1 0.1234375
3 0.2296875 0.6796875 0.459375 0.640625
3 0.85 0.6953125 0.25703125 0.2953125
3 0.60859375 0.74375 0.134375 0.18984375
3 0.69140625 0.98359375 0.0859375 0.0328125