4 0.065625 0.1125 0.13125 0.1125
4 0.040625 0.253125 0.08125 0.134375
4 0.22109375 0.38203125 0.1203125 0.0734375
4 0.35078125 0.35390625 0.1390625 0.1296875
4 0.58046875 0.0609375 0.1390625 0.121875
4 0.57578125 0.21953125 0.1484375 0.1421875
4 0.12734375 0.0265625 0.1703125 0.053125
4 0.534375 0.3734375 0.146875 0.090625
4 0.36484375 0.165625 0.125 0.10078125
3 0.825 0.209375 0.35 0.41875
3 0.0765625 0.48359375 0.153125 0.1296875
3 0.3140625 0.446875 0.29375 0.05625
3 0.50546875 0.66328125 0.2671875 0.35546875
3 0.25546875 0.62421875 0.2359375 0.334375
3 0.084375 0.68359375 0.16875 0.3640625
3 0.078125 0.90625 0.15625 0.1875
3 0.30390625 0.9203125 0.2328125 0.159375
3 0.5375 0.9234375 0.225 0.153125
4 0.825 0.709375 0.35 0.58125