3 0.259375 0.26953125 0.51875 0.5390625
3 0.759375 0.26953125 0.48125 0.5390625
3 0.184375 0.61015625 0.134375 0.1421875
3 0.22578125 0.74765625 0.13203125 0.1734375
3 0.39140625 0.91171875 0.1265625 0.1765625
3 0.021875 0.90859375 0.04375 0.1828125
3 0.06796875 0.9109375 0.1328125 0.178125
3 0.3984375 0.6078125 0.128125 0.1375
2 0.83359375 0.58671875 0.2046875 0.0953125
2 0.56796875 0.58828125 0.0984375 0.0984375
2 0.5640625 0.87109375 0.090625 0.2078125
2 0.8703125 0.87265625 0.19453125 0.228125