3 0.28984375 0.234375 0.5796875 0.46875
3 0.67265625 0.175 0.1078125 0.3171875
3 0.65859375 0.40625 0.1078125 0.125
3 0.93984375 0.1578125 0.1203125 0.271875
3 0.0140625 0.71953125 0.028125 0.0828125
3 0.0140625 0.95625 0.028125 0.0875
3 0.15078125 0.92734375 0.0984375 0.08203125
3 0.178125 0.80234375 0.09140625 0.1078125
3 0.31328125 0.725 0.11796875 0.071875
3 0.40078125 0.8921875 0.08671875 0.09140625
3 0.06796875 0.51953125 0.12265625 0.08671875
3 0.41484375 0.53203125 0.0671875 0.071875
3 0.5609375 0.71953125 0.0375 0.0890625
3 0.02109375 0.83828125 0.0421875 0.0671875
3 0.14453125 0.6578125 0.0765625 0.1078125
3 0.9828125 0.55390625 0.034375 0.1703125
3 0.81015625 0.5625 0.1421875 0.1875
3 0.69765625 0.5421875 0.1203125 0.146875
3 0.6140625 0.54296875 0.06875 0.1484375
3 0.653125 0.95390625 0.134375 0.0921875
3 0.76171875 0.9625 0.1390625 0.075
3 0.875 0.965625 0.146875 0.06875
3 0.953125 0.96796875 0.09375 0.0640625
3 0.87734375 0.7015625 0.11328125 0.16796875
3 0.66328125 0.68984375 0.125 0.1921875