4 0.475 0.18359375 0.309375 0.3140625
4 0.37265625 0.35234375 0.22109375 0.23828125
4 0.14453125 0.4296875 0.2890625 0.21875
4 0.153125 0.121875 0.21875 0.24375
4 0.31484375 0.08828125 0.2046875 0.1765625
4 0.4390625 0.06484375 0.153125 0.1296875
4 0.5984375 0.090625 0.0625 0.18125
4 0.609375 0.228125 0.040625 0.246875
4 0.0546875 0.0296875 0.109375 0.059375
4 0.0390625 0.17578125 0.078125 0.3015625
4 0.47890625 0.46328125 0.3015625 0.1515625
4 0.57890625 0.3359375 0.1015625 0.278125
4 0.81484375 0.26953125 0.3703125 0.5390625
4 0.378125 0.7453125 0.459375 0.4125
4 0.81484375 0.76953125 0.3703125 0.4609375