4 0.2546875 0.259375 0.509375 0.51875
3 0.91015625 0.25234375 0.1796875 0.2453125
3 0.66796875 0.25078125 0.3171875 0.1421875
3 0.76640625 0.40390625 0.2921875 0.2296875
3 0.94296875 0.47578125 0.1140625 0.0859375
3 0.75078125 0.02265625 0.1828125 0.0453125
3 0.2546875 0.759375 0.509375 0.48125
3 0.65390625 0.64765625 0.0484375 0.071875
3 0.53359375 0.73359375 0.0484375 0.0890625
3 0.91484375 0.80390625 0.04296875 0.084375
3 0.7984375 0.859375 0.0625 0.084375
3 0.82578125 0.61171875 0.03828125 0.0796875
3 0.825 0.52890625 0.0375 0.0203125
3 0.72890625 0.5375 0.0484375 0.0375