4 0.18984375 0.15 0.3796875 0.3
4 0.68984375 0.15 0.6203125 0.3
4 0.09765625 0.64375 0.1953125 0.15625
4 0.86953125 0.66953125 0.2609375 0.3140625
4 0.79140625 0.83828125 0.22109375 0.23828125
4 0.54375 0.903125 0.328125 0.19375
4 0.571875 0.58828125 0.21875 0.28359375
4 0.73359375 0.56171875 0.2046875 0.2015625
4 0.85859375 0.48984375 0.15390625 0.25234375
4 0.59609375 0.33671875 0.1078125 0.0734375
4 0.45390625 0.46484375 0.1484375 0.1609375
4 0.5234375 0.3828125 0.240625 0.165625
4 0.740625 0.37265625 0.159375 0.1453125
4 0.43828125 0.66171875 0.1171875 0.3015625
4 0.8734375 0.93671875 0.253125 0.1265625