3 0.11796875 0.25703125 0.2359375 0.1640625
3 0.51015625 0.30078125 0.15390625 0.13203125
3 0.6328125 0.29765625 0.1125 0.1078125
3 0.365625 0.30546875 0.2359375 0.1390625
3 0.84453125 0.2578125 0.3109375 0.403125
3 0.46640625 0.484375 0.0515625 0.05
3 0.5984375 0.5625 0.06953125 0.09140625
3 0.20078125 0.63359375 0.0453125 0.08671875
3 0.234375 0.89453125 0.084375 0.1078125
3 0.05859375 0.74375 0.05546875 0.10078125
3 0.01328125 0.965625 0.0265625 0.06875
3 0.109375 0.90859375 0.06015625 0.103125
3 0.31953125 0.68984375 0.06484375 0.08671875
3 0.29140625 0.46796875 0.0390625 0.0171875
3 0.9390625 0.71171875 0.121875 0.5046875