4 0.2796875 0.08515625 0.559375 0.1703125
4 0.61171875 0.08515625 0.1140625 0.1703125
4 0.43125 0.29375 0.475 0.315625
4 0.121875 0.26796875 0.24375 0.3640625
4 0.23828125 0.46640625 0.4765625 0.1328125
4 0.55390625 0.47421875 0.2296875 0.1890625
4 0.834375 0.284375 0.33125 0.56875
4 0.39296875 0.96640625 0.1234375 0.0671875
4 0.534375 0.76484375 0.09375 0.20703125
4 0.2890625 0.78046875 0.13671875 0.13203125
4 0.1703125 0.6859375 0.103125 0.13671875
4 0.7828125 0.88984375 0.228125 0.2203125
4 0.92109375 0.80390625 0.1578125 0.3921875