4 0.34453125 0.1796875 0.6890625 0.359375
5 0.95859375 0.1796875 0.0828125 0.359375
5 0.06328125 0.54609375 0.1265625 0.3734375
5 0.05625 0.93515625 0.1125 0.1296875
5 0.29140625 0.54609375 0.3328125 0.3734375
5 0.3796875 0.871875 0.15625 0.25625
5 0.1953125 0.97890625 0.159375 0.0421875
5 0.56484375 0.746875 0.2171875 0.50625
5 0.58359375 0.42265625 0.1703125 0.1078125
4 0.8015625 0.91328125 0.225 0.1734375
4 0.7765625 0.72734375 0.175 0.2515625
4 0.746875 0.44140625 0.115625 0.1640625
4 0.92265625 0.5 0.1546875 0.184375