3 0.27890625 0.1546875 0.5578125 0.309375
3 0.75859375 0.215625 0.3578125 0.1875
3 0.70390625 0.04140625 0.2484375 0.0828125
3 0.5359375 0.89921875 0.0875 0.1203125
3 0.43203125 0.9328125 0.12734375 0.115625
3 0.259375 0.94140625 0.196875 0.1171875
3 0.2671875 0.67421875 0.146875 0.1421875
3 0.45 0.56328125 0.19921875 0.125
3 0.06640625 0.62734375 0.1328125 0.1390625
3 0.04296875 0.7203125 0.0859375 0.128125
3 0.0234375 0.87734375 0.046875 0.1390625
3 0.08203125 0.94375 0.1640625 0.1125
3 0.2 0.86796875 0.1828125 0.12734375
3 0.409375 0.71484375 0.1828125 0.125
3 0.50234375 0.78359375 0.1546875 0.1390625
4 0.8140625 0.4546875 0.371875 0.290625
4 0.7640625 0.90625 0.21875 0.1875