4 0.784375 0.07578125 0.43125 0.1515625
4 0.784375 0.38046875 0.43125 0.3765625
4 0.07890625 0.91796875 0.1578125 0.1640625
4 0.52421875 0.64453125 0.0890625 0.1515625
4 0.08203125 0.62109375 0.1640625 0.1046875
4 0.95390625 0.87890625 0.0921875 0.2421875
4 0.740625 0.83359375 0.21875 0.28359375
4 0.9 0.80703125 0.2 0.2015625
4 0.975 0.734375 0.05 0.253125
4 0.76484375 0.59375 0.1078125 0.05
4 0.6328125 0.71015625 0.128125 0.1609375
4 0.6921875 0.63984375 0.240625 0.1421875
4 0.909375 0.6296875 0.159375 0.121875
4 0.6171875 0.878125 0.096875 0.24375