3 0.22421875 0.40625 0.38671875 0.25703125
3 0.4703125 0.51015625 0.1375 0.2453125
3 0.37890625 0.1796875 0.3203125 0.16875
3 0.2984375 0.29140625 0.39453125 0.19921875
3 0.94296875 0.621875 0.1140625 0.246875
3 0.71953125 0.6765625 0.3609375 0.146875
3 0.85546875 0.40546875 0.2890625 0.1609375
3 0.64609375 0.47578125 0.2140625 0.1578125
3 0.67890625 0.60078125 0.2796875 0.1734375
3 0.90546875 0.5109375 0.1890625 0.190625
3 0.27578125 0.875 0.5265625 0.25
3 0.76953125 0.940625 0.4609375 0.11875
3 0.65390625 0.82265625 0.2296875 0.1453125