4 0.084375 0.35625 0.16875 0.346875
4 0.24453125 0.328125 0.2046875 0.20703125
4 0.28984375 0.4421875 0.1515625 0.175
4 0.69453125 0.26484375 0.6109375 0.5296875
4 0.19453125 0.76484375 0.3890625 0.4703125
4 0.703125 0.96328125 0.315625 0.0734375
4 0.43828125 0.9296875 0.0984375 0.140625
4 0.53984375 0.9375 0.2046875 0.125
4 0.6640625 0.88828125 0.153125 0.2234375
4 0.8890625 0.91640625 0.19375 0.1671875
4 0.42265625 0.70703125 0.0671875 0.1609375
4 0.41953125 0.79453125 0.0609375 0.1703125
4 0.54765625 0.775 0.15859375 0.1703125
4 0.80234375 0.6625 0.18984375 0.1203125