3 0.0890625 0.09296875 0.178125 0.1328125
3 0.25703125 0.13828125 0.12734375 0.146875
4 0.84375 0.08671875 0.3125 0.1734375
4 0.5859375 0.29296875 0.353125 0.0734375
4 0.47421875 0.21484375 0.1296875 0.2296875
4 0.515625 0.09765625 0.2125 0.1953125
4 0.615625 0.1953125 0.21640625 0.178125
4 0.20625 0.6625 0.40625 0.665625
4 0.67421875 0.3578125 0.0953125 0.05625
4 0.6921875 0.7046875 0.10546875 0.1421875
4 0.96484375 0.73515625 0.0703125 0.1546875
4 0.821875 0.815625 0.0984375 0.1109375
4 0.8140625 0.66328125 0.084375 0.12265625
4 0.44296875 0.478125 0.0671875 0.13125
4 0.4390625 0.7484375 0.059375 0.115625
4 0.55859375 0.63203125 0.10546875 0.1109375
4 0.59296875 0.81796875 0.09140625 0.13671875