3 0.18984375 0.37734375 0.1578125 0.3234375
3 0.134375 0.1765625 0.26875 0.2625
3 0.634375 0.26953125 0.73125 0.5390625
3 0.52109375 0.63046875 0.1484375 0.1828125
3 0.46015625 0.928125 0.3140625 0.14375
3 0.8125 0.9625 0.24375 0.075
3 0.8125 0.61015625 0.215625 0.1421875
3 0.79765625 0.83984375 0.12265625 0.16328125
3 0.36796875 0.646875 0.1984375 0.159375
3 0.3078125 0.78828125 0.078125 0.2046875
3 0.6296875 0.56796875 0.159375 0.0578125
3 0.59921875 0.7578125 0.21171875 0.14453125
3 0.91953125 0.81171875 0.1609375 0.1796875