4 0.42890625 0.234375 0.1109375 0.14921875
4 0.1234375 0.2671875 0.115625 0.1609375
4 0.040625 0.30234375 0.08125 0.1328125
4 0.29296875 0.35 0.103125 0.115625
4 0.3015625 0.190625 0.08671875 0.12734375
4 0.0453125 0.05234375 0.090625 0.1046875
4 0.56875 0.1578125 0.1109375 0.115625
4 0.53125 0.35234375 0.09375 0.1421875
3 0.7421875 0.096875 0.125 0.19375
3 0.91796875 0.10546875 0.1640625 0.2109375
3 0.93125 0.40703125 0.1375 0.2046875
3 0.76328125 0.3984375 0.1671875 0.221875
3 0.33984375 0.7546875 0.6796875 0.490625
4 0.83984375 0.7546875 0.3203125 0.490625