4 0.26640625 0.26484375 0.5328125 0.5296875
4 0.82265625 0.26484375 0.3546875 0.5296875
5 0.28671875 0.96640625 0.3921875 0.0671875
5 0.1046875 0.88046875 0.209375 0.2390625
5 0.25625 0.63046875 0.11796875 0.0890625
5 0.146875 0.68046875 0.10546875 0.09609375
5 0.0359375 0.69921875 0.071875 0.1015625
5 0.4359375 0.7609375 0.12734375 0.1109375
5 0.5015625 0.95078125 0.196875 0.0984375
5 0.90703125 0.984375 0.1046875 0.03125
5 0.80703125 0.75 0.0453125 0.09375
5 0.97265625 0.73359375 0.040625 0.11796875
5 0.8109375 0.61328125 0.05078125 0.1203125
5 0.6578125 0.59765625 0.09609375 0.08203125
5 0.6546875 0.69375 0.09609375 0.0625
5 0.80703125 0.865625 0.06484375 0.07421875
5 0.8765625 0.7984375 0.040625 0.0578125
5 0.91875 0.6140625 0.0484375 0.09375
5 0.70390625 0.88203125 0.06953125 0.11328125