3 0.184375 0.209375 0.36875 0.41875
3 0.79140625 0.153125 0.19453125 0.2859375
3 0.6703125 0.2625 0.178125 0.16796875
3 0.5203125 0.36875 0.16875 0.1
3 0.58515625 0.021875 0.2328125 0.04375
3 0.40234375 0.1328125 0.0671875 0.153125
3 0.42421875 0.28671875 0.1109375 0.1609375
3 0.71875 0.346875 0.190625 0.14375
3 0.184375 0.88828125 0.36875 0.2234375
3 0.85859375 0.66328125 0.2828125 0.4828125
3 0.678125 0.67421875 0.5171875 0.478125
3 0.48828125 0.7625 0.2390625 0.475
3 0.64375 0.925 0.55 0.15
3 0.5078125 0.50234375 0.278125 0.1671875