3 0.15 0.065625 0.3 0.13125
3 0.4671875 0.0625 0.240625 0.125
3 0.44453125 0.3234375 0.28828125 0.21640625
3 0.1296875 0.32578125 0.259375 0.228125
3 0.13203125 0.6265625 0.2546875 0.2015625
3 0.4828125 0.62421875 0.271875 0.2328125
4 0.6796875 0.3 0.121875 0.321875
4 0.9203125 0.125 0.159375 0.25
4 0.96171875 0.4625 0.0765625 0.1625
4 0.71796875 0.59453125 0.1984375 0.3109375
4 0.76796875 0.090625 0.1703125 0.18125
3 0.3234375 0.9046875 0.590625 0.190625
4 0.86875 0.8953125 0.2625 0.171875
4 0.6578125 0.9046875 0.078125 0.190625