3 0.39140625 0.2984375 0.1953125 0.146875
3 0.4 0.04375 0.146875 0.0875
3 0.1828125 0.01953125 0.165625 0.0390625
3 0.140625 0.06328125 0.15625 0.1265625
3 0.1046875 0.21953125 0.1515625 0.1390625
3 0.1984375 0.2984375 0.196875 0.13671875
3 0.3328125 0.21015625 0.1828125 0.12734375
3 0.46953125 0.059375 0.0390625 0.11875
3 0.7875 0.30390625 0.425 0.3234375
3 0.90078125 0.02265625 0.1984375 0.0453125
3 0.51171875 0.21875 0.0453125 0.184375
3 0.4609375 0.83828125 0.05625 0.3234375
3 0.33125 0.8546875 0.23125 0.290625
3 0.1125 0.83828125 0.225 0.3234375
3 0.0703125 0.653125 0.140625 0.16875