3 0.13671875 0.2796875 0.2734375 0.559375
2 0.59140625 0.2140625 0.196875 0.19921875
2 0.42109375 0.11953125 0.2234375 0.2390625
2 0.81640625 0.08359375 0.1984375 0.1671875
2 0.8921875 0.2359375 0.215625 0.275
2 0.86796875 0.47265625 0.1671875 0.1734375
2 0.5453125 0.42265625 0.23125 0.2734375
2 0.35078125 0.278125 0.1234375 0.290625
2 0.3796875 0.50078125 0.18125 0.1171875
2 0.9640625 0.0421875 0.071875 0.084375
3 0.14453125 0.7046875 0.2890625 0.290625
2 0.93203125 0.92265625 0.1359375 0.1546875
2 0.58984375 0.67734375 0.4453125 0.2359375
2 0.88046875 0.6734375 0.1109375 0.228125
2 0.49375 0.95 0.2 0.1