3 0.259375 0.209375 0.51875 0.41875
3 0.8515625 0.209375 0.296875 0.41875
3 0.46953125 0.5203125 0.0984375 0.203125
3 0.18359375 0.70703125 0.28125 0.28828125
3 0.45625 0.83671875 0.125 0.3265625
3 0.9609375 0.68984375 0.078125 0.1234375
3 0.82109375 0.75 0.11328125 0.14921875
3 0.71875 0.80390625 0.12734375 0.09609375
3 0.571875 0.52734375 0.10625 0.1703125
3 0.75859375 0.47734375 0.1171875 0.1171875
3 0.94453125 0.86640625 0.0984375 0.09609375
3 0.79765625 0.984375 0.1140625 0.03125
3 0.6578125 0.940625 0.13125 0.11875
3 0.57578125 0.73828125 0.1140625 0.0984375
3 0.73125 0.596875 0.13203125 0.09609375
3 0.859375 0.53828125 0.11796875 0.08671875