3 0.290625 0.43203125 0.14921875 0.15859375
3 0.64453125 0.43515625 0.1109375 0.1671875
3 0.0453125 0.409375 0.090625 0.18125
3 0.10703125 0.32265625 0.13203125 0.16796875
3 0.28125 0.178125 0.13671875 0.17578125
3 0.446875 0.2171875 0.13203125 0.16328125
3 0.45078125 0.42578125 0.2140625 0.16796875
4 0.85 0.06171875 0.3 0.1234375
4 0.86171875 0.246875 0.2765625 0.315625
4 0.85 0.41953125 0.3 0.1328125
3 0.1828125 0.9078125 0.365625 0.184375
3 0.12578125 0.69296875 0.2515625 0.1671875
3 0.6375 0.78203125 0.125 0.4359375
4 0.82578125 0.759375 0.2515625 0.48125