4 0.4765625 0.0859375 0.065625 0.171875
4 0.40234375 0.04609375 0.0765625 0.0921875
4 0.49921875 0.37890625 0.0203125 0.1546875
4 0.41015625 0.3515625 0.09140625 0.13671875
4 0.7546875 0.28671875 0.490625 0.4859375
4 0.3859375 0.85390625 0.246875 0.2921875
4 0.21015625 0.76015625 0.2015625 0.25234375
4 0.39453125 0.64453125 0.2265625 0.2296875
4 0.0625 0.834375 0.125 0.271875
4 0.34765625 0.54921875 0.2328125 0.0390625
4 0.83359375 0.609375 0.3328125 0.159375
4 0.6203125 0.86796875 0.19453125 0.25234375
4 0.95078125 0.84921875 0.0984375 0.3015625
4 0.60859375 0.56171875 0.1859375 0.0640625