3 0.02578125 0.25703125 0.0515625 0.0484375
3 0.0890625 0.203125 0.09609375 0.0578125
3 0.9 0.215625 0.2 0.409375
3 0.69296875 0.07109375 0.4265625 0.1421875
4 0.234375 0.49140625 0.46875 0.1234375
4 0.13203125 0.6703125 0.2640625 0.309375
4 0.3421875 0.64765625 0.253125 0.3609375
4 0.234375 0.84296875 0.46875 0.1359375
4 0.24140625 0.9625 0.4546875 0.075
4 0.534375 0.51171875 0.13125 0.1640625
4 0.71484375 0.815625 0.384375 0.27421875
4 0.875 0.67265625 0.25 0.3078125
4 0.78515625 0.52421875 0.2359375 0.1890625
4 0.6734375 0.6171875 0.2234375 0.1828125