3 0.1890625 0.0203125 0.134375 0.040625
3 0.0390625 0.1859375 0.078125 0.071875
3 0.1296875 0.32421875 0.096875 0.0515625
3 0.2734375 0.21953125 0.08671875 0.0984375
3 0.41875 0.2515625 0.09609375 0.0984375
3 0.58046875 0.32578125 0.1140625 0.0484375
3 0.784375 0.07734375 0.109375 0.1546875
3 0.36484375 0.675 0.7296875 0.65
3 0.98515625 0.91875 0.0296875 0.096875
3 0.88671875 0.64296875 0.1078125 0.1703125
3 0.884375 0.8546875 0.1296875 0.0984375
3 0.95859375 0.4078125 0.0828125 0.090625
3 0.7515625 0.73125 0.04375 0.190625
3 0.7921875 0.9578125 0.125 0.084375