3 0.33984375 0.11953125 0.6796875 0.2390625
3 0.83984375 0.11953125 0.3203125 0.2390625
3 0.3265625 0.61953125 0.653125 0.7609375
3 0.971875 0.76640625 0.05625 0.1484375
3 0.8984375 0.82109375 0.12734375 0.09609375
3 0.75078125 0.54453125 0.1078125 0.1703125
3 0.9390625 0.4859375 0.11796875 0.134375
3 0.9625 0.28984375 0.075 0.1015625
3 0.8375 0.94921875 0.13125 0.1015625
3 0.7484375 0.75625 0.1296875 0.0984375
3 0.9109375 0.6140625 0.13203125 0.09609375
3 0.83125 0.31015625 0.0984375 0.09140625
3 0.69921875 0.87890625 0.0390625 0.1234375