4 0.24453125 0.12265625 0.4890625 0.2328125
4 0.8359375 0.17109375 0.328125 0.1359375
4 0.7453125 0.11953125 0.396875 0.2390625
4 0.9453125 0.11953125 0.109375 0.2390625
4 0.55234375 0.11953125 0.1265625 0.2390625
4 0.41875 0.57578125 0.140625 0.1859375
4 0.1390625 0.62109375 0.23046875 0.115625
4 0.2796875 0.45234375 0.24296875 0.1875
4 0.82109375 0.55390625 0.3578125 0.1796875
4 0.93359375 0.353125 0.1328125 0.175
4 0.7640625 0.334375 0.240625 0.18046875
4 0.74453125 0.90078125 0.5109375 0.1984375
4 0.58515625 0.32578125 0.1921875 0.1734375