3 0.23984375 0.2296875 0.4796875 0.459375
4 0.81328125 0.3046875 0.3453125 0.309375
4 0.78984375 0.0859375 0.2921875 0.171875
4 0.5875 0.20390625 0.215625 0.4078125
3 0.23984375 0.7296875 0.4796875 0.540625
3 0.54375 0.67578125 0.11796875 0.103125
3 0.59609375 0.9125 0.09375 0.1515625
3 0.85 0.7875 0.0890625 0.11796875
3 0.87890625 0.96640625 0.0890625 0.0671875
3 0.7203125 0.83359375 0.07421875 0.15859375
3 0.5015625 0.96640625 0.04375 0.0671875
3 0.97578125 0.74453125 0.0484375 0.1078125
3 0.859375 0.60234375 0.12734375 0.13203125
3 0.690625 0.4875 0.115625 0.05625