4 0.5046875 0.20703125 0.26875 0.3140625
4 0.421875 0.34765625 0.221875 0.1828125
4 0.16953125 0.39140625 0.3390625 0.0953125
4 0.203125 0.13359375 0.21875 0.2671875
4 0.36484375 0.1 0.2046875 0.2
4 0.4890625 0.0765625 0.153125 0.153125
4 0.0796875 0.04140625 0.159375 0.0828125
4 0.0640625 0.19921875 0.128125 0.3015625
4 0.81953125 0.21953125 0.3609375 0.4390625
4 0.31953125 0.7015625 0.6390625 0.525
4 0.9 0.47734375 0.2 0.0765625
4 0.81953125 0.72578125 0.3609375 0.2203125
4 0.76171875 0.90390625 0.2453125 0.1921875