3 0.26953125 0.37890625 0.1421875 0.15390625
3 0.50703125 0.3578125 0.0859375 0.175
3 0.4484375 0.2734375 0.12734375 0.165625
3 0.2796875 0.1328125 0.13203125 0.1703125
3 0.11875 0.1703125 0.12734375 0.1609375
3 0.115625 0.37421875 0.20703125 0.16328125
3 0.78203125 0.028125 0.0921875 0.05625
3 0.821875 0.1421875 0.07421875 0.1421875
3 0.6625 0.05859375 0.103125 0.1109375
3 0.86875 0.2953125 0.0984375 0.1109375
3 0.93671875 0.12421875 0.0671875 0.10546875
3 0.984375 0.4203125 0.03125 0.078125
4 0.275 0.7296875 0.55 0.540625
4 0.77578125 0.7296875 0.4484375 0.540625