3 0.22421875 0.03515625 0.2359375 0.0703125
3 0.353125 0.15546875 0.20703125 0.1078125
3 0.38203125 0.3375 0.27421875 0.1390625
3 0.03984375 0.45 0.0796875 0.159375
3 0.0421875 0.13046875 0.084375 0.1890625
3 0.784375 0.26484375 0.43125 0.5296875
3 0.27265625 0.734375 0.1515625 0.1921875
3 0.51328125 0.67734375 0.1109375 0.2265625
3 0.5296875 0.93359375 0.078125 0.1328125
3 0.10703125 0.75546875 0.2140625 0.1609375
3 0.05078125 0.896875 0.1015625 0.20625
3 0.38359375 0.615625 0.1609375 0.171875
3 0.08671875 0.60234375 0.1734375 0.1453125
3 0.35078125 0.86796875 0.21640625 0.146875
3 0.828125 0.72734375 0.146875 0.23046875
3 0.7125 0.715625 0.12265625 0.1734375
3 0.615625 0.70859375 0.09375 0.1859375
3 0.8953125 0.88828125 0.115625 0.1734375
3 0.6765625 0.8765625 0.12734375 0.196875
3 0.87734375 0.59453125 0.1421875 0.1296875
3 0.7671875 0.58203125 0.121875 0.1046875