3 0.159375 0.2 0.31875 0.4
3 0.47421875 0.0375 0.0765625 0.075
3 0.47734375 0.2734375 0.071875 0.09140625
3 0.63515625 0.24140625 0.0984375 0.08203125
3 0.6625 0.11640625 0.09140625 0.1078125
3 0.79765625 0.0390625 0.11796875 0.071875
3 0.88515625 0.20625 0.08671875 0.09140625
3 0.69296875 0.37421875 0.0984375 0.0515625
3 0.33515625 0.32421875 0.0328125 0.0765625
3 0.95625 0.35859375 0.071875 0.0828125
3 0.47734375 0.153125 0.0984375 0.0671875
3 0.62890625 0.0125 0.0765625 0.025
3 0.159375 0.70625 0.31875 0.5875
3 0.659375 0.7 0.68125 0.6