4 0.103125 0.03125 0.175 0.0625
4 0.24296875 0.03359375 0.1203125 0.0671875
4 0.471875 0.05 0.221875 0.1
4 0.809375 0.16953125 0.38125 0.3390625
3 0.21484375 0.7 0.0453125 0.08671875
3 0.3609375 0.3859375 0.08203125 0.08203125
3 0.18125 0.95390625 0.084375 0.0921875
3 0.3578125 0.81171875 0.0578125 0.103125
3 0.43203125 0.66484375 0.0453125 0.1203125
3 0.6109375 0.4453125 0.015625 0.0875
3 0.30546875 0.96328125 0.0609375 0.0734375
3 0.09453125 0.7578125 0.06484375 0.08671875
3 0.1234375 0.5015625 0.03828125 0.08203125
3 0.1234375 0.3890625 0.03828125 0.07421875
3 0.0234375 0.3984375 0.046875 0.09375
4 0.88828125 0.68828125 0.2234375 0.6234375
4 0.73984375 0.8328125 0.2421875 0.334375