3 0.15390625 0.0359375 0.2453125 0.071875
3 0.4140625 0.25 0.109375 0.228125
3 0.15859375 0.26171875 0.2546875 0.2046875
3 0.16640625 0.50234375 0.2546875 0.1140625
3 0.41640625 0.5046875 0.1046875 0.109375
3 0.734375 0.2796875 0.53125 0.559375
4 0.234375 0.6125 0.46875 0.10625
4 0.071875 0.7828125 0.14375 0.309375
4 0.28203125 0.76015625 0.3734375 0.3609375
4 0.234375 0.94375 0.46875 0.1125
4 0.571875 0.6890625 0.20625 0.259375
4 0.7578125 0.6453125 0.271875 0.171875
4 0.87265625 0.6953125 0.2546875 0.271875