4 0.0484375 0.0734375 0.096875 0.146875
4 0.35390625 0.184375 0.2953125 0.290625
4 0.7875 0.16484375 0.425 0.3296875
4 0.32265625 0.6296875 0.08671875 0.1921875
4 0.2375 0.57421875 0.0765625 0.1421875
4 0.11953125 0.4015625 0.0765625 0.10546875
4 0.0265625 0.44453125 0.053125 0.1421875
4 0.36875 0.92734375 0.090625 0.1453125
4 0.24453125 0.9046875 0.09140625 0.13671875
3 0.9359375 0.7328125 0.128125 0.153125
3 0.69921875 0.91640625 0.1515625 0.1671875
3 0.6953125 0.71328125 0.1109375 0.17578125
3 0.7671875 0.628125 0.12734375 0.165625
3 0.93515625 0.48515625 0.1296875 0.1703125