4 0.35 0.08671875 0.3 0.0765625
4 0.05703125 0.15859375 0.1140625 0.0859375
4 0.0625 0.33203125 0.125 0.0828125
4 0.3546875 0.4359375 0.22578125 0.0625
4 0.7796875 0.1546875 0.10546875 0.1421875
4 0.909375 0.265625 0.0984375 0.1109375
4 0.9015625 0.11328125 0.084375 0.12265625
4 0.528125 0.1984375 0.05625 0.115625
4 0.64609375 0.08203125 0.10546875 0.1109375
4 0.68046875 0.26796875 0.09140625 0.13671875
3 0.4484375 0.6234375 0.103125 0.16875
3 0.11328125 0.66875 0.15859375 0.13671875
3 0.021875 0.665625 0.04375 0.1125
3 0.2625 0.6734375 0.24296875 0.146875
3 0.8859375 0.88125 0.228125 0.2375
3 0.6421875 0.86484375 0.278125 0.2703125
3 0.821875 0.571875 0.3375 0.184375
3 0.5984375 0.63515625 0.196875 0.3109375