3 0.25859375 0.21484375 0.5171875 0.4296875
3 0.78984375 0.21484375 0.4203125 0.4296875
3 0.16875 0.4828125 0.29375 0.10625
3 0.44765625 0.4796875 0.2359375 0.1
3 0.5453125 0.75625 0.06875 0.384375
3 0.36015625 0.72421875 0.2671875 0.35546875
3 0.1140625 0.684375 0.228125 0.334375
3 0.15859375 0.95078125 0.2328125 0.0984375
3 0.42578125 0.95390625 0.2921875 0.0921875
3 0.746875 0.77578125 0.1609375 0.22109375
3 0.66796875 0.55859375 0.1765625 0.1515625
3 0.7328125 0.9765625 0.121875 0.046875
3 0.92734375 0.91171875 0.1390625 0.13203125
3 0.92109375 0.790625 0.1578125 0.121875