3 0.0609375 0.45703125 0.121875 0.5640625
3 0.3765625 0.221875 0.10625 0.44375
3 0.35234375 0.571875 0.1546875 0.334375
3 0.7546875 0.69453125 0.23125 0.0890625
3 0.5390625 0.678125 0.21875 0.121875
3 0.68984375 0.38203125 0.33671875 0.34140625
3 0.8875 0.246875 0.225 0.278125
3 0.97265625 0.31796875 0.0546875 0.2859375
3 0.94375 0.096875 0.1125 0.19375
3 0.56484375 0.225 0.2703125 0.25
3 0.496875 0.49453125 0.134375 0.3671875
3 0.9609375 0.56015625 0.078125 0.2265625
4 0.21484375 0.86953125 0.4296875 0.2609375
4 0.55625 0.86953125 0.253125 0.2609375
4 0.85859375 0.86953125 0.2828125 0.2609375