4 0.259375 0.22890625 0.51875 0.3109375
4 0.259375 0.55703125 0.51875 0.2640625
3 0.84765625 0.32734375 0.0453125 0.08671875
3 0.70234375 0.028125 0.0796875 0.05625
3 0.88125 0.58828125 0.084375 0.1078125
3 0.70546875 0.4375 0.05546875 0.10078125
3 0.63125 0.2921875 0.0453125 0.1203125
3 0.58046875 0.66796875 0.0578125 0.0421875
3 0.646875 0.65703125 0.053125 0.0640625
3 0.75625 0.60234375 0.06015625 0.103125
3 0.96640625 0.38359375 0.06484375 0.08671875
3 0.9390625 0.13125 0.03828125 0.0796875
3 0.93828125 0.028125 0.0390625 0.05625
4 0.259375 0.84453125 0.51875 0.3109375
4 0.8625 0.84453125 0.275 0.3109375