3 0.3296875 0.184375 0.659375 0.36875
4 0.86171875 0.184375 0.2765625 0.36875
3 0.05625 0.44765625 0.1125 0.1578125
3 0.26953125 0.4640625 0.2359375 0.190625
3 0.53984375 0.46953125 0.2390625 0.2015625
3 0.534375 0.7671875 0.25 0.315625
3 0.284375 0.75859375 0.240625 0.24765625
3 0.0609375 0.75 0.121875 0.259375
3 0.53671875 0.959375 0.2109375 0.08125
3 0.72265625 0.871875 0.1265625 0.159375
3 0.825 0.7390625 0.09140625 0.196875
3 0.75390625 0.571875 0.13203125 0.1921875
3 0.68203125 0.69140625 0.0453125 0.1578125
3 0.9453125 0.7 0.109375 0.1875
3 0.98359375 0.9125 0.0328125 0.175
3 0.90234375 0.9296875 0.1953125 0.140625