3 0.09921875 0.26171875 0.1921875 0.27890625
3 0.21796875 0.3703125 0.1734375 0.165625
3 0.365625 0.52421875 0.165625 0.196875
3 0.0953125 0.73515625 0.190625 0.1078125
3 0.30078125 0.0828125 0.23046875 0.1421875
3 0.5078125 0.24296875 0.121875 0.1515625
3 0.4875 0.3921875 0.1625 0.159375
3 0.51875 0.5859375 0.1 0.290625
3 0.4453125 0.7265625 0.196875 0.125
3 0.30546875 0.64765625 0.146875 0.10546875
3 0.16953125 0.49140625 0.1875 0.21640625
3 0.73828125 0.43515625 0.3390625 0.7078125
3 0.284375 0.89453125 0.56875 0.2109375