4 0.06875 0.096875 0.1375 0.19375
4 0.19765625 0.0734375 0.1421875 0.146875
4 0.96953125 0.028125 0.0609375 0.05625
4 0.62890625 0.0234375 0.2328125 0.046875
4 0.7828125 0.08359375 0.434375 0.1078125
4 0.134375 0.65 0.26875 0.7
4 0.88515625 0.6265625 0.2296875 0.128125
4 0.7640625 0.840625 0.1828125 0.125
4 0.4765625 0.79375 0.20703125 0.12734375
4 0.59609375 0.6375 0.23828125 0.12265625
4 0.37734375 0.446875 0.15390625 0.12265625
4 0.49765625 0.36171875 0.2140625 0.1234375
4 0.36015625 0.95078125 0.1828125 0.0984375