3 0.37890625 0.1 0.1203125 0.2
3 0.1625 0.10234375 0.11875 0.2046875
3 0.23046875 0.26640625 0.1390625 0.2015625
3 0.27421875 0.434375 0.13671875 0.18046875
3 0.44375 0.5859375 0.13125 0.146875
3 0.04296875 0.58359375 0.0859375 0.1515625
3 0.1125 0.5859375 0.1375 0.146875
3 0.453125 0.26875 0.13203125 0.1875
3 0.0359375 0.26796875 0.071875 0.1765625
3 0.79453125 0.3296875 0.4109375 0.659375
2 0.240625 0.82890625 0.25703125 0.32421875
2 0.47734375 0.828125 0.2234375 0.3375
2 0.05390625 0.83203125 0.1078125 0.3359375
3 0.79453125 0.8296875 0.4109375 0.340625