4 0.47890625 0.15625 0.178125 0.21171875
4 0.33828125 0.15859375 0.1203125 0.21640625
4 0.10859375 0.19765625 0.2171875 0.2046875
4 0.37421875 0.03984375 0.1765625 0.0796875
4 0.19765625 0.0546875 0.1578125 0.109375
4 0.05 0.0421875 0.1 0.084375
4 0.5953125 0.16640625 0.06875 0.3328125
4 0.81484375 0.3046875 0.3703125 0.609375
3 0.43359375 0.8046875 0.3921875 0.390625
3 0.13046875 0.91328125 0.2609375 0.1734375
3 0.53046875 0.921875 0.1984375 0.15625
3 0.86796875 0.8203125 0.15859375 0.13671875
3 0.7140625 0.8171875 0.16875 0.1125
3 0.94765625 0.825 0.1046875 0.146875