3 0.36875 0.24921875 0.08125 0.1234375
3 0.22734375 0.309375 0.11328125 0.14921875
3 0.125 0.36328125 0.12734375 0.09609375
3 0.015625 0.08671875 0.03125 0.1703125
3 0.16484375 0.04765625 0.1171875 0.0953125
3 0.35078125 0.42578125 0.0984375 0.09609375
3 0.06484375 0.46015625 0.1296875 0.0390625
3 0.01953125 0.29765625 0.0390625 0.0984375
3 0.1375 0.15625 0.13203125 0.09609375
3 0.265625 0.09765625 0.11796875 0.08671875
3 0.7046875 0.23984375 0.590625 0.4796875
3 0.2046875 0.73984375 0.409375 0.5203125
3 0.6359375 0.94296875 0.453125 0.1140625