4 0.146875 0.340625 0.29375 0.1375
4 0.65 0.2046875 0.7 0.409375
4 0.15 0.746875 0.3 0.50625
3 0.31875 0.7 0.0375 0.071875
3 0.57421875 0.85703125 0.04296875 0.084375
3 0.7171875 0.5546875 0.0796875 0.0796875
3 0.375 0.4375 0.053125 0.0453125
3 0.71328125 0.95703125 0.0546875 0.0859375
3 0.7859375 0.8234375 0.0453125 0.11796875
3 0.97578125 0.6125 0.0484375 0.084375
3 0.4578125 0.9125 0.0625 0.084375
3 0.48515625 0.66484375 0.03828125 0.0796875
3 0.48515625 0.55703125 0.03828125 0.071875
3 0.38828125 0.565625 0.0484375 0.0890625