3 0.26953125 0.2046875 0.5390625 0.409375
2 0.75234375 0.31875 0.4265625 0.18125
2 0.74453125 0.14375 0.4109375 0.2875
3 0.26953125 0.7046875 0.5390625 0.590625
3 0.95625 0.48828125 0.0875 0.1578125
3 0.94453125 0.80546875 0.1109375 0.2046875
3 0.6953125 0.8640625 0.2453125 0.1875
3 0.6953125 0.46796875 0.21875 0.1171875
3 0.7109375 0.68515625 0.12265625 0.16328125
3 0.90546875 0.97421875 0.1515625 0.0515625
3 0.66796875 0.95859375 0.2359375 0.0828125
3 0.90234375 0.603125 0.1953125 0.146875
3 0.60390625 0.65703125 0.1296875 0.1828125
3 0.96328125 0.93984375 0.0734375 0.1203125