3 0.2296875 0.2796875 0.459375 0.559375
3 0.8859375 0.54140625 0.146875 0.0359375
3 0.82578125 0.4796875 0.12265625 0.09140625
3 0.69609375 0.38515625 0.16328125 0.08203125
3 0.90390625 0.0328125 0.1359375 0.065625
3 0.79296875 0.06875 0.1421875 0.08671875
3 0.61640625 0.08671875 0.115625 0.08671875
3 0.5734375 0.1890625 0.10078125 0.08203125
3 0.603125 0.26015625 0.1515625 0.06953125
3 0.89765625 0.18828125 0.2046875 0.1109375
3 0.96328125 0.29765625 0.0734375 0.0640625
3 0.95625 0.3671875 0.0875 0.0875
3 0.2296875 0.7796875 0.459375 0.440625
3 0.7296875 0.7796875 0.540625 0.440625