3 0.0546875 0.1296875 0.109375 0.259375
3 0.3578125 0.14453125 0.4 0.2890625
3 0.8578125 0.24921875 0.284375 0.0796875
3 0.0390625 0.43203125 0.078125 0.1953125
3 0.3328125 0.33828125 0.103125 0.0984375
3 0.2 0.48515625 0.10546875 0.16328125
3 0.378125 0.53828125 0.09140625 0.10078125
3 0.3375 0.8546875 0.09609375 0.12265625
3 0.5796875 0.5671875 0.059375 0.115625
3 0.50234375 0.33359375 0.1203125 0.0890625
3 0.21875 0.7796875 0.08671875 0.12265625
3 0.165625 0.33046875 0.071875 0.0828125
3 0.865625 0.40078125 0.26875 0.2234375
3 0.84296875 0.6984375 0.2453125 0.259375