4 0.06484375 0.06796875 0.1046875 0.1359375
4 0.35859375 0.096875 0.1109375 0.15390625
4 0.42421875 0.13125 0.0515625 0.128125
4 0.1953125 0.1765625 0.0984375 0.1109375
4 0.1875 0.0421875 0.084375 0.084375
4 0.725 0.15 0.55 0.3
3 0.225 0.65 0.45 0.7
3 0.98046875 0.40625 0.0390625 0.178125
3 0.9296875 0.74296875 0.140625 0.1203125
3 0.79921875 0.7765625 0.12734375 0.115625
3 0.62734375 0.8 0.196875 0.146875
3 0.634375 0.51796875 0.146875 0.1421875
3 0.8171875 0.40703125 0.19921875 0.125
3 0.475 0.47109375 0.05 0.1390625
3 0.490625 0.79921875 0.08125 0.1359375
3 0.5671875 0.71171875 0.1828125 0.12734375
3 0.7765625 0.55859375 0.1828125 0.125
3 0.89609375 0.62734375 0.2078125 0.1390625
3 0.9578125 0.553125 0.084375 0.115625