3 0.59296875 0.04375 0.1203125 0.0875
3 0.378125 0.046875 0.115625 0.09375
3 0.1625 0.05546875 0.146875 0.1109375
3 0.05390625 0.03515625 0.1078125 0.0703125
3 0.44609375 0.15390625 0.1390625 0.19921875
3 0.4890625 0.32109375 0.134375 0.178125
3 0.65859375 0.4984375 0.13203125 0.19921875
3 0.48828125 0.6 0.1265625 0.059375
3 0.265625 0.59375 0.146875 0.071875
3 0.05703125 0.596875 0.1140625 0.065625
3 0.0359375 0.48359375 0.071875 0.2296875
3 0.11171875 0.49296875 0.1421875 0.2140625
3 0.22734375 0.49609375 0.14921875 0.20703125
3 0.328125 0.49296875 0.134375 0.18984375
3 0.665625 0.15703125 0.13203125 0.18515625
3 0.2296875 0.15703125 0.115625 0.1734375
3 0.03671875 0.1453125 0.0734375 0.196875
3 0.8796875 0.31484375 0.240625 0.6296875
3 0.3796875 0.81484375 0.759375 0.3703125
3 0.8796875 0.81484375 0.240625 0.3703125