4 0.259375 0.19453125 0.51875 0.3890625
3 0.8859375 0.2359375 0.228125 0.30625
3 0.56796875 0.228125 0.0984375 0.165625
4 0.259375 0.69453125 0.51875 0.6109375
3 0.69140625 0.75703125 0.04296875 0.084375
3 0.834375 0.4546875 0.0796875 0.0796875
3 0.65859375 0.9796875 0.0828125 0.040625
3 0.83125 0.865625 0.05546875 0.10078125
3 0.903125 0.7234375 0.0453125 0.11796875
3 0.7796875 0.9875 0.059375 0.025
3 0.575 0.8125 0.0625 0.084375
3 0.60234375 0.56484375 0.03828125 0.0796875
3 0.60234375 0.45703125 0.03828125 0.071875
3 0.52421875 0.46484375 0.0109375 0.0890625