3 0.28984375 0.18046875 0.5796875 0.3609375
3 0.78984375 0.24453125 0.4203125 0.4890625
3 0.46875 0.65078125 0.221875 0.3234375
3 0.2 0.6078125 0.2875 0.2375
3 0.0703125 0.871875 0.140625 0.25625
3 0.25703125 0.85625 0.2359375 0.2875
3 0.46171875 0.88046875 0.2359375 0.2390625
3 0.85 0.5640625 0.115625 0.10078125
3 0.9015625 0.79375 0.09140625 0.14921875
3 0.93984375 0.940625 0.0734375 0.11875
3 0.99296875 0.715625 0.0140625 0.153125
3 0.78125 0.86953125 0.103125 0.1109375
3 0.7015625 0.68515625 0.09375 0.16328125
3 0.62890625 0.97734375 0.0984375 0.0453125