3 0.221875 0.125 0.434375 0.25
4 0.7578125 0.0875 0.484375 0.175
3 0.39140625 0.5046875 0.0953125 0.159375
3 0.165625 0.70625 0.15625 0.19921875
3 0.28515625 0.921875 0.2015625 0.15625
3 0.40390625 0.846875 0.0703125 0.221875
3 0.1609375 0.48359375 0.115625 0.18046875
3 0.23515625 0.39609375 0.13203125 0.16796875
3 0.38984375 0.29453125 0.0984375 0.0890625
3 0.47578125 0.396875 0.0734375 0.29375
3 0.6734375 0.36015625 0.29375 0.2203125
3 0.9171875 0.35703125 0.165625 0.2140625
3 0.86484375 0.65859375 0.2671875 0.35546875
3 0.61484375 0.61953125 0.2359375 0.334375
3 0.48359375 0.67890625 0.0890625 0.3640625
3 0.66328125 0.91796875 0.2328125 0.1640625
3 0.8921875 0.92109375 0.215625 0.1578125