4 0.30625 0.24609375 0.1734375 0.321875
4 0.57109375 0.09765625 0.1578125 0.1953125
4 0.6125 0.4078125 0.075 0.1625
4 0.32578125 0.45703125 0.2859375 0.1453125
4 0.41953125 0.06328125 0.1703125 0.1265625
3 0.825 0.26484375 0.35 0.5296875
4 0.45078125 0.55 0.2265625 0.040625
4 0.54375 0.7125 0.2125 0.096875
4 0.14921875 0.653125 0.2984375 0.0875
4 0.21484375 0.8265625 0.4296875 0.0625
4 0.55234375 0.9265625 0.1953125 0.071875
4 0.25546875 0.93203125 0.28359375 0.071875
4 0.825 0.76484375 0.35 0.4703125