3 0.39453125 0.03125 0.0921875 0.0625
3 0.35625 0.15234375 0.0765625 0.146875
3 0.115625 0.065625 0.0890625 0.11328125
3 0.51953125 0.065625 0.10546875 0.11328125
3 0.3078125 0.3078125 0.10078125 0.11328125
3 0.2390625 0.1328125 0.06953125 0.10546875
3 0.14921875 0.41328125 0.1109375 0.0328125
3 0.95078125 0.16171875 0.0984375 0.3234375
3 0.7578125 0.14296875 0.253125 0.2859375
3 0.8203125 0.36015625 0.278125 0.1390625
3 0.29453125 0.71484375 0.5890625 0.5703125
4 0.84453125 0.66328125 0.3109375 0.4671875