3 0.08671875 0.08984375 0.1734375 0.1796875
3 0.22578125 0.23046875 0.1265625 0.2390625
3 0.25 0.584375 0.078125 0.209375
3 0.08671875 0.62421875 0.1734375 0.1296875
3 0.45625 0.434375 0.334375 0.2375
3 0.7671875 0.57734375 0.465625 0.2234375
3 0.78046875 0.19296875 0.4390625 0.1921875
3 0.44296875 0.0671875 0.3078125 0.134375
3 0.14453125 0.84453125 0.2890625 0.3109375
3 0.5078125 0.9703125 0.3875 0.059375
3 0.69453125 0.84453125 0.38203125 0.16796875
3 0.91953125 0.91875 0.1609375 0.1625
3 0.58203125 0.92734375 0.3953125 0.1453125