4 0.2546875 0.28984375 0.509375 0.5796875
3 0.55859375 0.4609375 0.0984375 0.103125
3 0.68203125 0.4734375 0.146875 0.12734375
3 0.7546875 0.54921875 0.103125 0.0609375
3 0.83359375 0.2453125 0.15625 0.09375
3 0.96171875 0.3015625 0.0765625 0.09375
4 0.10390625 0.78984375 0.2078125 0.4203125
4 0.378125 0.78984375 0.2625 0.4203125
4 0.9171875 0.6796875 0.165625 0.2
4 0.684375 0.66796875 0.246875 0.1765625
4 0.9390625 0.91015625 0.121875 0.1796875
4 0.7515625 0.89375 0.20625 0.2125
4 0.56484375 0.88828125 0.1109375 0.2234375