3 0.31484375 0.2 0.6296875 0.4
4 0.6640625 0.30234375 0.06875 0.1484375
4 0.92578125 0.0671875 0.1203125 0.134375
4 0.93671875 0.34375 0.1265625 0.1125
4 0.7828125 0.2265625 0.1109375 0.115625
4 0.7453125 0.375 0.09375 0.05
4 0.06640625 0.528125 0.1328125 0.209375
4 0.18671875 0.53125 0.1203125 0.21640625
4 0.4203125 0.57109375 0.22578125 0.2046875
4 0.14765625 0.42265625 0.1703125 0.0453125
4 0.3234375 0.4375 0.153125 0.075
4 0.50390625 0.42890625 0.1609375 0.0578125
4 0.81484375 0.7 0.3703125 0.6