3 0.30546875 0.3890625 0.05546875 0.10078125
3 0.23125 0.24375 0.0453125 0.1203125
3 0.034375 0.03515625 0.053125 0.0703125
3 0.1015625 0.63125 0.059375 0.075
3 0.18046875 0.63359375 0.0578125 0.0703125
3 0.246875 0.62265625 0.053125 0.09140625
3 0.3421875 0.553125 0.034375 0.103125
4 0.3921875 0.36015625 0.065625 0.3640625
4 0.56171875 0.6046875 0.2015625 0.128125
4 0.1796875 0.834375 0.359375 0.33125
3 0.4953125 0.86171875 0.271875 0.2765625
3 0.66640625 0.78359375 0.2359375 0.2296875
3 0.8234375 0.83125 0.209375 0.2859375
3 0.41640625 0.765625 0.1140625 0.19375