3 0.10703125 0.43515625 0.2140625 0.2046875
3 0.2546875 0.60234375 0.509375 0.1921875
3 0.4421875 0.6734375 0.134375 0.071875
3 0.94140625 0.29140625 0.1171875 0.1671875
3 0.82265625 0.44921875 0.16796875 0.2015625
3 0.88515625 0.03671875 0.2296875 0.0734375
3 0.6515625 0.16328125 0.1734375 0.15390625
3 0.6453125 0.31640625 0.271875 0.1609375
3 0.6125 0.5109375 0.20625 0.290625
3 0.73984375 0.65 0.2015625 0.11875
3 0.8828125 0.57578125 0.14921875 0.1078125
3 0.9625 0.41484375 0.075 0.2203125
3 0.57109375 0.66171875 0.1234375 0.0953125
3 0.2546875 0.8546875 0.509375 0.290625
3 0.7546875 0.8546875 0.490625 0.290625