4 0.2046875 0.3421875 0.409375 0.375
4 0.20390625 0.109375 0.4078125 0.21875
4 0.31640625 0.21484375 0.1859375 0.3890625
4 0.91640625 0.1328125 0.1671875 0.265625
4 0.57734375 0.26875 0.13671875 0.16796875
4 0.50625 0.46015625 0.19375 0.1390625
4 0.87734375 0.38671875 0.2453125 0.2859375
4 0.33671875 0.61171875 0.1453125 0.1640625
4 0.13671875 0.60625 0.2078125 0.153125
4 0.028125 0.84765625 0.05625 0.2453125
4 0.153125 0.83046875 0.19921875 0.19453125
4 0.33828125 0.8265625 0.1421875 0.221875
3 0.7046875 0.76484375 0.590625 0.4703125