3 0.159375 0.325 0.31875 0.65
3 0.6234375 0.09296875 0.11796875 0.103125
3 0.67578125 0.3296875 0.09375 0.1515625
3 0.715625 0.49609375 0.0765625 0.146875
3 0.9296875 0.2046875 0.0890625 0.11796875
3 0.95703125 0.40703125 0.0859375 0.1140625
3 0.8 0.25078125 0.07421875 0.15859375
3 0.55078125 0.4078125 0.10546875 0.11328125
3 0.4703125 0.21796875 0.0984375 0.16796875
3 0.3890625 0.57265625 0.115625 0.1546875
3 0.7640625 0.62265625 0.103125 0.0546875
3 0.834375 0.4765625 0.06953125 0.1078125
3 0.9375 0.0421875 0.125 0.084375
3 0.159375 0.825 0.31875 0.35
4 0.428125 0.8515625 0.21875 0.296875
4 0.6203125 0.825 0.271875 0.35
4 0.8015625 0.8328125 0.3875 0.334375