3 0.259375 0.16953125 0.51875 0.3390625
3 0.759375 0.16953125 0.48125 0.3390625
4 0.24453125 0.53828125 0.4890625 0.3984375
4 0.4265625 0.8890625 0.184375 0.221875
3 0.94375 0.88671875 0.1125 0.1203125
3 0.82734375 0.9203125 0.12734375 0.115625
3 0.6546875 0.93515625 0.196875 0.1296875
3 0.6625 0.66171875 0.146875 0.1421875
3 0.8453125 0.55078125 0.19921875 0.125
3 0.60234375 0.8546875 0.1671875 0.128125
3 0.8046875 0.70234375 0.1828125 0.125
3 0.91015625 0.77109375 0.1796875 0.1390625
3 0.971875 0.696875 0.05625 0.115625