4 0.16484375 0.26484375 0.3296875 0.5296875
4 0.81171875 0.3515625 0.31484375 0.31484375
4 0.7046875 0.46484375 0.221875 0.1296875
4 0.4859375 0.26953125 0.21875 0.28359375
4 0.64765625 0.24296875 0.2046875 0.2015625
4 0.77265625 0.17109375 0.15390625 0.25234375
4 0.95 0.22421875 0.1 0.2484375
4 0.9609375 0.3953125 0.078125 0.246875
4 0.51015625 0.02734375 0.1078125 0.0546875
4 0.3859375 0.14609375 0.1125 0.1609375
4 0.44375 0.0734375 0.228125 0.146875
4 0.6546875 0.06328125 0.159375 0.1265625
4 0.3703125 0.34296875 0.08125 0.3015625
4 0.93046875 0.446875 0.1390625 0.165625
4 0.16484375 0.7890625 0.3296875 0.421875
4 0.571875 0.72890625 0.484375 0.3984375