4 0.31484375 0.27265625 0.6296875 0.4734375
4 0.81484375 0.05234375 0.3703125 0.1046875
4 0.81484375 0.3203125 0.3703125 0.378125
4 0.11875 0.61328125 0.2375 0.2078125
4 0.3796875 0.628125 0.2375 0.2375
4 0.5484375 0.690625 0.1625 0.33125
4 0.41328125 0.82265625 0.2140625 0.25703125
4 0.5328125 0.89921875 0.19375 0.2015625
4 0.06015625 0.80703125 0.1203125 0.3203125
4 0.2078125 0.7734375 0.196875 0.2953125
4 0.7328125 0.89765625 0.20625 0.2046875
4 0.88828125 0.90546875 0.2046875 0.1890625
4 0.96796875 0.8390625 0.0640625 0.253125
4 0.7515625 0.64375 0.1078125 0.1609375
4 0.6671875 0.584375 0.075 0.14375
4 0.65625 0.81484375 0.053125 0.1609375
4 0.7140625 0.73046875 0.16875 0.1703125
4 0.89609375 0.7109375 0.15859375 0.1703125