3 0.27578125 0.08125 0.1515625 0.1625
3 0.3375 0.40078125 0.31953125 0.2046875
3 0.05234375 0.459375 0.1046875 0.1875
3 0.04609375 0.0609375 0.0921875 0.121875
3 0.0296875 0.2796875 0.059375 0.1625
3 0.415625 0.08828125 0.16875 0.1609375
3 0.475 0.22890625 0.05 0.2046875
3 0.19296875 0.56171875 0.1515625 0.0359375
3 0.19921875 0.1984375 0.2140625 0.146875
3 0.28515625 0.52734375 0.1421875 0.1046875
2 0.79921875 0.28984375 0.4015625 0.5796875
3 0.25 0.78984375 0.5 0.4203125
3 0.75 0.78984375 0.5 0.4203125