3 0.19453125 0.29609375 0.3890625 0.5921875
3 0.53515625 0.25078125 0.1421875 0.15390625
3 0.78125 0.4484375 0.1515625 0.196875
3 0.6640625 0.62109375 0.19375 0.0765625
3 0.4875 0.56796875 0.190625 0.1828125
3 0.78515625 0.23046875 0.1109375 0.17578125
3 0.7140625 0.1453125 0.12734375 0.165625
3 0.54453125 0.04453125 0.1328125 0.0890625
3 0.41796875 0.0609375 0.0578125 0.121875
3 0.43671875 0.2453125 0.0953125 0.1625
3 0.19453125 0.80078125 0.3890625 0.2828125
4 0.69453125 0.8296875 0.6109375 0.340625