4 0.48203125 0.40859375 0.1734375 0.3140625
4 0.44765625 0.57734375 0.22109375 0.23828125
4 0.18203125 0.65234375 0.3640625 0.2140625
4 0.228125 0.32734375 0.21875 0.28359375
4 0.38984375 0.30078125 0.2046875 0.2015625
4 0.503125 0.228125 0.13125 0.253125
4 0.25234375 0.05625 0.1078125 0.1125
4 0.140625 0.02265625 0.13125 0.0453125
4 0.09296875 0.20390625 0.1828125 0.1609375
4 0.1796875 0.1203125 0.240625 0.1703125
4 0.39765625 0.1 0.15859375 0.1703125
4 0.0765625 0.40078125 0.153125 0.3015625
4 0.4859375 0.6859375 0.165625 0.146875
4 0.81640625 0.29921875 0.3671875 0.1578125
4 0.10859375 0.92578125 0.2171875 0.1203125
4 0.11484375 0.82421875 0.2296875 0.0828125
4 0.4765625 0.93359375 0.184375 0.1078125
4 0.7703125 0.8796875 0.403125 0.240625