3 0.21171875 0.275 0.4234375 0.55
3 0.8671875 0.05859375 0.115625 0.1171875
3 0.6515625 0.0671875 0.146875 0.134375
3 0.53515625 0.046875 0.1234375 0.09375
3 0.9328125 0.1765625 0.134375 0.2
3 0.95546875 0.34375 0.0890625 0.178125
3 0.51484375 0.47109375 0.0921875 0.1578125
3 0.60078125 0.4796875 0.1421875 0.140625
3 0.715625 0.4828125 0.15 0.134375
3 0.8171875 0.48515625 0.134375 0.1296875
3 0.71875 0.18046875 0.115625 0.1734375
3 0.515625 0.16875 0.09375 0.196875
3 0.234375 0.775 0.46875 0.45
3 0.734375 0.775 0.53125 0.45