3 0.09609375 0.16875 0.071875 0.09140625
3 0.25390625 0.13671875 0.0984375 0.08203125
3 0.28046875 0.0328125 0.0921875 0.065625
3 0.47421875 0.10078125 0.0296875 0.0921875
3 0.3125 0.2828125 0.0984375 0.0765625
3 0.4453125 0.3578125 0.0875 0.0625
3 0.09609375 0.0484375 0.0984375 0.0671875
3 0.84609375 0.075 0.3078125 0.15
3 0.5546875 0.10625 0.13125 0.1875
3 0.93984375 0.28125 0.1203125 0.1375
3 0.709375 0.2484375 0.1515625 0.115625
3 0.65 0.3578125 0.1875 0.0625
3 0.5390625 0.27421875 0.1 0.2296875
3 0.80078125 0.1890625 0.1421875 0.13203125
3 0.24453125 0.69453125 0.4890625 0.6109375
2 0.8765625 0.68515625 0.246875 0.4015625
2 0.559375 0.703125 0.140625 0.4125
2 0.69765625 0.77109375 0.1109375 0.26171875