4 0.38984375 0.175 0.1109375 0.14921875
4 0.084375 0.2078125 0.115625 0.1609375
4 0.02109375 0.24296875 0.0421875 0.1328125
4 0.25390625 0.290625 0.103125 0.115625
4 0.2625 0.13125 0.08671875 0.12734375
4 0.64453125 0.22109375 0.0484375 0.1234375
4 0.5296875 0.0984375 0.1109375 0.115625
4 0.4921875 0.29296875 0.09375 0.1421875
4 0.834375 0.275 0.33125 0.55
4 0.334375 0.775 0.66875 0.45
4 0.84140625 0.95 0.1671875 0.1
4 0.70703125 0.9359375 0.0765625 0.128125
4 0.825 0.70390625 0.09375 0.20703125
4 0.97890625 0.865625 0.0421875 0.175