4 0.08671875 0.24296875 0.1734375 0.1109375
4 0.06171875 0.38046875 0.1234375 0.1328125
4 0.26171875 0.51015625 0.1203125 0.0796875
4 0.38984375 0.48359375 0.1359375 0.1328125
4 0.58359375 0.159375 0.0703125 0.190625
4 0.57890625 0.34765625 0.0796875 0.1390625
4 0.39296875 0.06953125 0.1734375 0.1390625
4 0.05703125 0.084375 0.1140625 0.146875
4 0.16875 0.1140625 0.16796875 0.1390625
4 0.56015625 0.5015625 0.1171875 0.096875
4 0.40390625 0.29453125 0.12265625 0.0984375
3 0.90546875 0.43046875 0.1890625 0.2390625
3 0.69453125 0.3875 0.1515625 0.184375
4 0.309375 0.81328125 0.61875 0.3734375
4 0.8375 0.7484375 0.1203125 0.125
4 0.7078125 0.7125 0.1390625 0.16328125
4 0.6828125 0.946875 0.128125 0.10625
4 0.63828125 0.91328125 0.0390625 0.1734375