3 0.2296875 0.284375 0.459375 0.56875
3 0.97265625 0.05390625 0.0546875 0.1078125
3 0.790625 0.05703125 0.115625 0.1140625
3 0.575 0.065625 0.146875 0.13125
3 0.48984375 0.0453125 0.0609375 0.090625
3 0.85859375 0.17421875 0.1390625 0.19921875
3 0.9015625 0.34140625 0.134375 0.178125
3 0.52734375 0.4875 0.1359375 0.1625
3 0.6390625 0.490625 0.15 0.15625
3 0.740625 0.49296875 0.134375 0.1515625
3 0.6421875 0.17734375 0.115625 0.1734375
3 0.47265625 0.165625 0.0265625 0.196875
3 0.2453125 0.784375 0.428125 0.43125
3 0.86015625 0.590625 0.1203125 0.04375
3 0.6453125 0.59375 0.115625 0.05
3 0.71328125 0.67890625 0.1390625 0.19921875
3 0.75625 0.84609375 0.134375 0.178125
3 0.925 0.96171875 0.13125 0.0765625
3 0.5140625 0.95859375 0.109375 0.0828125
3 0.5953125 0.9609375 0.134375 0.078125
3 0.9328125 0.68203125 0.13203125 0.18515625
3 0.50703125 0.68203125 0.0953125 0.1734375