3 0.2046875 0.1796875 0.409375 0.359375
3 0.7046875 0.1796875 0.590625 0.359375
3 0.0859375 0.9640625 0.146875 0.071875
3 0.04296875 0.88359375 0.0859375 0.0921875
3 0.284375 0.859375 0.13203125 0.10546875
3 0.37265625 0.65703125 0.0734375 0.1109375
3 0.24296875 0.4734375 0.12265625 0.09375
3 0.1046875 0.4234375 0.13671875 0.09609375
3 0.03203125 0.47265625 0.0640625 0.0859375
3 0.10703125 0.59296875 0.2140625 0.1109375
3 0.17578125 0.703125 0.09609375 0.06484375
3 0.16875 0.77265625 0.1109375 0.08671875
3 0.65703125 0.6796875 0.4953125 0.640625