3 0.3734375 0.28359375 0.509375 0.3515625
3 0.63828125 0.175 0.1421875 0.33125
3 0.43515625 0.03671875 0.4640625 0.0734375
2 0.8546875 0.2296875 0.290625 0.459375
3 0.2328125 0.61875 0.14921875 0.1875
3 0.17109375 0.9234375 0.3140625 0.153125
3 0.5234375 0.9578125 0.24375 0.084375
3 0.5234375 0.565625 0.215625 0.2125
3 0.50859375 0.83046875 0.12265625 0.16328125
3 0.0890625 0.6375 0.178125 0.159375
3 0.02890625 0.77890625 0.0578125 0.2046875
3 0.340625 0.5234375 0.159375 0.128125
3 0.64765625 0.525 0.1234375 0.13125
3 0.06875 0.509375 0.1375 0.1
3 0.31015625 0.7484375 0.21171875 0.14453125
3 0.6296875 0.80234375 0.159375 0.1796875
3 0.8546875 0.7296875 0.290625 0.540625