3 0.3046875 0.2296875 0.609375 0.459375
3 0.87578125 0.2296875 0.2484375 0.459375
3 0.6671875 0.26484375 0.115625 0.3296875
3 0.3046875 0.7296875 0.609375 0.540625
3 0.78671875 0.80546875 0.1109375 0.1921875
3 0.95390625 0.85703125 0.0921875 0.1609375
3 0.67578125 0.534375 0.0984375 0.15
3 0.6390625 0.82578125 0.059375 0.0890625
3 0.64453125 0.93984375 0.0703125 0.1109375
3 0.92734375 0.69609375 0.06953125 0.0984375
3 0.79765625 0.50078125 0.1109375 0.0828125
3 0.9234375 0.54453125 0.0625 0.0890625