3 0.26953125 0.2296875 0.5390625 0.459375
3 0.76953125 0.2296875 0.4609375 0.459375
3 0.21015625 0.4796875 0.1515625 0.040625
3 0.1546875 0.74140625 0.309375 0.2078125
3 0.46015625 0.8015625 0.1578125 0.1875
3 0.48359375 0.6203125 0.1109375 0.165625
3 0.01953125 0.56953125 0.0390625 0.2109375
3 0.06015625 0.9546875 0.1203125 0.090625
3 0.29296875 0.94296875 0.1515625 0.1140625
3 0.4765625 0.9265625 0.125 0.146875
3 0.28828125 0.53828125 0.21640625 0.146875
3 0.2015625 0.884375 0.1421875 0.134375
2 0.74921875 0.9140625 0.2703125 0.171875
2 0.9796875 0.79296875 0.040625 0.1171875