3 0.221875 0.259375 0.1109375 0.19453125
3 0.39765625 0.3109375 0.1046875 0.1625
3 0.10859375 0.03125 0.1015625 0.0625
3 0.05859375 0.28046875 0.08671875 0.0890625
3 0.06328125 0.39609375 0.103125 0.1109375
3 0.16953125 0.53203125 0.0890625 0.1359375
3 0.41171875 0.571875 0.0765625 0.05625
3 0.36484375 0.1484375 0.071875 0.10078125
3 0.359375 0.0203125 0.065625 0.040625
3 0.725 0.3 0.55 0.6
3 0.42578125 0.96328125 0.0484375 0.0734375
3 0.309375 0.79765625 0.12265625 0.09609375
3 0.17109375 0.7484375 0.134375 0.09609375
3 0.06484375 0.796875 0.1296875 0.0875
3 0.17109375 0.91640625 0.21640625 0.1078125
3 0.74296875 0.8 0.5140625 0.4