4 0.1859375 0.259375 0.165625 0.178125
4 0.17265625 0.08515625 0.1921875 0.1703125
4 0.86796875 0.13046875 0.2640625 0.2609375
4 0.78828125 0.27265625 0.22109375 0.23828125
4 0.52109375 0.33984375 0.3671875 0.1984375
4 0.56875 0.08203125 0.21875 0.1640625
4 0.73046875 0.0484375 0.2046875 0.096875
4 0.40859375 0.1234375 0.1703125 0.246875
4 0.871875 0.3734375 0.25625 0.13125
4 0.971875 0.25625 0.05625 0.278125
4 0.04375 0.63671875 0.0875 0.1203125
4 0.05 0.53515625 0.1 0.0828125
4 0.23515625 0.77265625 0.0671875 0.0765625
4 0.0609375 0.86875 0.121875 0.090625
4 0.134375 0.9484375 0.26875 0.103125
4 0.65859375 0.74375 0.6828125 0.5125