4 0.2421875 0.43515625 0.0890625 0.196875
4 0.328125 0.37734375 0.0796875 0.146875
4 0.4484375 0.20078125 0.0796875 0.1078125
4 0.5375 0.2453125 0.04375 0.146875
4 0.7796875 0.3 0.440625 0.6
3 0.47734375 0.70078125 0.1421875 0.15390625
3 0.09375 0.75078125 0.1875 0.2546875
3 0.4296875 0.96328125 0.190625 0.0734375
3 0.3234375 0.69609375 0.20703125 0.16328125
4 0.978125 0.79375 0.04375 0.2125
4 0.8515625 0.78828125 0.15625 0.22109375
4 0.65390625 0.78515625 0.1890625 0.2078125
4 0.6609375 0.96875 0.2 0.0625
4 0.88203125 0.9609375 0.2109375 0.078125