4 0.1203125 0.29453125 0.240625 0.5890625
4 0.371875 0.29453125 0.315625 0.5890625
4 0.63359375 0.44609375 0.2078125 0.2859375
4 0.78984375 0.35390625 0.196875 0.2453125
4 0.625 0.2234375 0.190625 0.259375
4 0.9390625 0.425 0.121875 0.259375
4 0.65546875 0.084375 0.2265625 0.16875
4 0.26484375 0.79453125 0.5296875 0.4109375
4 0.740625 0.93203125 0.290625 0.1359375
4 0.91953125 0.89609375 0.1609375 0.2078125
4 0.759375 0.78515625 0.21875 0.259375
4 0.60546875 0.81953125 0.1515625 0.2453125
4 0.80390625 0.659375 0.2265625 0.140625
4 0.6265625 0.66953125 0.19375 0.1609375