4 0.72421875 0.13984375 0.4640625 0.2796875
4 0.45390625 0.09140625 0.1546875 0.1828125
4 0.2546875 0.4453125 0.15 0.33125
4 0.18125 0.82109375 0.296875 0.3578125
4 0.8640625 0.75390625 0.271875 0.3140625
4 0.7796875 0.9015625 0.221875 0.196875
4 0.51328125 0.9453125 0.3671875 0.109375
4 0.5609375 0.67265625 0.21875 0.28359375
4 0.72265625 0.64609375 0.2046875 0.2015625
4 0.84765625 0.57421875 0.15390625 0.25234375
4 0.5859375 0.378125 0.1078125 0.1609375
4 0.4734375 0.33515625 0.13125 0.1109375
4 0.42578125 0.54921875 0.1828125 0.1609375
4 0.5125 0.465625 0.240625 0.1703125
4 0.73046875 0.4453125 0.15859375 0.1703125
4 0.4078125 0.74609375 0.15625 0.3015625
4 0.94453125 0.3359375 0.1109375 0.1125