3 0.06484375 0.365625 0.1109375 0.1875
3 0.36953125 0.25234375 0.10078125 0.1421875
3 0.31015625 0.06328125 0.1109375 0.1265625
3 0.23828125 0.39921875 0.1046875 0.1203125
3 0.41328125 0.440625 0.0921875 0.0375
3 0.50859375 0.26328125 0.0609375 0.0984375
3 0.20546875 0.25859375 0.06953125 0.0984375
3 0.07578125 0.05234375 0.1109375 0.1046875
3 0.2015625 0.10703125 0.0625 0.0890625
3 0.7828125 0.18515625 0.434375 0.2359375
3 0.08046875 0.88125 0.1609375 0.2375
3 0.35 0.74296875 0.3125 0.47578125
3 0.1453125 0.62421875 0.290625 0.2671875
3 0.1640625 0.50234375 0.30625 0.0859375
3 0.76953125 0.7296875 0.4609375 0.540625