4 0.41015625 0.334375 0.31484375 0.31484375
4 0.30390625 0.50234375 0.22109375 0.23828125
4 0.11015625 0.56015625 0.2203125 0.1796875
4 0.096875 0.2515625 0.19375 0.284375
4 0.24609375 0.22578125 0.2046875 0.2015625
4 0.37109375 0.15390625 0.15390625 0.25234375
4 0.59375 0.20703125 0.190625 0.2484375
4 0.6625 0.378125 0.053125 0.371875
4 0.5875 0.37890625 0.13203125 0.24765625
4 0.10859375 0.01875 0.1078125 0.0375
4 0.0203125 0.12890625 0.040625 0.1609375
4 0.078125 0.06484375 0.15625 0.1296875
4 0.253125 0.0546875 0.159375 0.109375
4 0.43125 0.59375 0.34375 0.1125
4 0.57421875 0.4859375 0.2296875 0.278125
4 0.47890625 0.84140625 0.4203125 0.3171875
4 0.2875 0.88359375 0.5 0.2328125
4 0.15 0.728125 0.3 0.15625
4 0.84453125 0.825 0.3109375 0.35