3 0.4375 0.2 0.05078125 0.07421875
3 0.55625 0.28828125 0.046875 0.0921875
3 0.17109375 0.36015625 0.0453125 0.08671875
3 0.0328125 0.04921875 0.065625 0.0796875
3 0.028125 0.44921875 0.05625 0.0609375
3 0.28984375 0.41640625 0.06484375 0.08671875
3 0.2625 0.1640625 0.03828125 0.0796875
3 0.2625 0.05234375 0.03828125 0.07421875
3 0.36171875 0.0609375 0.05078125 0.09140625
4 0.78984375 0.23984375 0.4203125 0.4796875
3 0.28984375 0.73984375 0.5796875 0.5203125
4 0.84453125 0.646875 0.3109375 0.334375