3 0.28203125 0.2015625 0.1515625 0.1921875
3 0.22109375 0.5390625 0.321875 0.20703125
3 0.11171875 0.22265625 0.2234375 0.1609375
3 0.05546875 0.36640625 0.1109375 0.2109375
3 0.35078125 0.084375 0.0765625 0.16875
3 0.09140625 0.07109375 0.1828125 0.1421875
3 0.3203125 0.334375 0.1375 0.146875
3 0.27265625 0.6515625 0.1421875 0.075
3 0.69453125 0.34453125 0.6109375 0.6890625
3 0.33203125 0.98046875 0.0796875 0.0390625
3 0.14296875 0.90625 0.13203125 0.1203125
3 0.36875 0.79453125 0.040625 0.0890625
2 0.58671875 0.93359375 0.2078125 0.1328125
2 0.4578125 0.84296875 0.1375 0.3078125
2 0.8234375 0.80546875 0.209375 0.2328125
2 0.89453125 0.92578125 0.2109375 0.1484375
2 0.9703125 0.7625 0.059375 0.146875