3 0.109375 0.24921875 0.15625 0.21640625
3 0.49296875 0.41953125 0.1140625 0.1609375
3 0.50390625 0.2015625 0.0921875 0.16875
3 0.06015625 0.05546875 0.1203125 0.1109375
3 0.09609375 0.4609375 0.1203125 0.078125
3 0.2859375 0.3828125 0.13671875 0.12734375
3 0.28125 0.26484375 0.15625 0.12265625
3 0.771875 0.25 0.44375 0.5
4 0.05078125 0.9171875 0.1015625 0.165625
4 0.18359375 0.909375 0.1484375 0.18125
4 0.47421875 0.8875 0.1234375 0.225
4 0.3703125 0.62265625 0.13671875 0.13203125
4 0.05078125 0.7125 0.1015625 0.18125
4 0.2515625 0.54765625 0.103125 0.0953125
4 0.73984375 0.934375 0.3796875 0.13125