3 0.11953125 0.40234375 0.04296875 0.084375
3 0.2625 0.1 0.0796875 0.0796875
3 0.259375 0.5109375 0.05546875 0.10078125
3 0.31875 0.36796875 0.021875 0.1171875
3 0.0171875 0.4578125 0.034375 0.084375
3 0.03046875 0.21015625 0.03828125 0.0796875
3 0.03046875 0.10234375 0.03828125 0.071875
3 0.3671875 0.2 0.075 0.29375
3 0.5265625 0.19453125 0.228125 0.2328125
3 0.7765625 0.1890625 0.1921875 0.2453125
3 0.9453125 0.19375 0.109375 0.29375
3 0.95625 0.50703125 0.0875 0.2234375
3 0.7875 0.49765625 0.175 0.2421875
3 0.53984375 0.50078125 0.2671875 0.2359375
3 0.3578125 0.47890625 0.05625 0.2640625
4 0.0984375 0.809375 0.196875 0.38125
3 0.7515625 0.646875 0.259375 0.05625
3 0.4390625 0.646875 0.21875 0.05625
3 0.44296875 0.865625 0.2265625 0.21875
3 0.75390625 0.8625 0.2546875 0.2015625