4 0.6609375 0.0890625 0.078125 0.178125
4 0.68125 0.340625 0.0375 0.221875
4 0.62734375 0.56484375 0.1453125 0.2078125
4 0.10078125 0.5296875 0.2015625 0.278125
4 0.06796875 0.0734375 0.1359375 0.146875
4 0.340625 0.428125 0.19453125 0.43984375
4 0.465625 0.16953125 0.2359375 0.22109375
4 0.7171875 0.325 0.034375 0.146875
4 0.95078125 0.0921875 0.0984375 0.1375
4 0.9546875 0.37265625 0.090625 0.1203125
4 0.81953125 0.25 0.1109375 0.115625
4 0.78203125 0.44296875 0.09375 0.1421875
3 0.38515625 0.9046875 0.6296875 0.190625
4 0.89765625 0.71015625 0.1953125 0.0828125
4 0.92578125 0.8359375 0.1484375 0.13125
4 0.73515625 0.9640625 0.0703125 0.071875