4 0.259375 0.2 0.51875 0.4
4 0.62109375 0.31953125 0.2046875 0.1203125
4 0.62734375 0.21796875 0.2171875 0.0828125
4 0.9453125 0.32734375 0.109375 0.1078125
4 0.259375 0.7 0.51875 0.6
4 0.69296875 0.7265625 0.31484375 0.31484375
4 0.6078125 0.8875 0.178125 0.225
4 0.575 0.61796875 0.1125 0.2015625
4 0.65390625 0.54609375 0.15390625 0.25234375
4 0.87890625 0.6 0.19453125 0.24765625
4 0.959375 0.7703125 0.08125 0.371875
4 0.8703125 0.77109375 0.13203125 0.24765625
4 0.5671875 0.45078125 0.096875 0.1015625
4 0.7140625 0.96484375 0.34375 0.0703125
4 0.87109375 0.86953125 0.2578125 0.2609375