3 0.309375 0.2296875 0.61875 0.459375
3 0.809375 0.22890625 0.38125 0.4578125
3 0.5625 0.57421875 0.1125 0.2015625
3 0.3515625 0.578125 0.115625 0.20703125
3 0.1359375 0.58359375 0.146875 0.23046875
3 0.040625 0.57109375 0.08125 0.1734375
3 0.41953125 0.74140625 0.1390625 0.19921875
3 0.4625 0.90859375 0.134375 0.178125
3 0.5953125 0.74375 0.046875 0.184375
3 0.203125 0.74453125 0.115625 0.1734375
3 0.0234375 0.7328125 0.046875 0.196875
3 0.5140625 0.48125 0.134375 0.04375
3 0.39453125 0.47890625 0.1484375 0.0390625
3 0.18515625 0.4875 0.1421875 0.05625
3 0.075 0.475 0.121875 0.03125
3 0.809375 0.7296875 0.38125 0.540625