3 0.2546875 0.0265625 0.103125 0.053125
3 0.121875 0.15078125 0.10546875 0.16328125
3 0.3 0.20390625 0.09140625 0.10078125
3 0.25859375 0.51328125 0.0953125 0.1109375
3 0.503125 0.2328125 0.06015625 0.115625
3 0.42421875 0.021875 0.1203125 0.04375
3 0.140625 0.4453125 0.08671875 0.12265625
3 0.0875 0.01875 0.071875 0.0375
3 0.78984375 0.284375 0.4203125 0.56875
3 0.2875 0.703125 0.19375 0.26875
3 0.1671875 0.8046875 0.178125 0.16796875
3 0.05078125 0.93046875 0.1015625 0.1390625
3 0.478125 0.95546875 0.203125 0.0890625
3 0.54140625 0.68203125 0.0765625 0.1578125
3 0.215625 0.90859375 0.190625 0.1828125
3 0.875 0.6359375 0.25 0.134375
3 0.71171875 0.74375 0.259375 0.290625