4 0.47890625 0.196875 0.178125 0.21171875
4 0.33828125 0.19921875 0.1203125 0.21640625
4 0.10859375 0.23828125 0.2171875 0.2046875
4 0.37421875 0.06015625 0.1765625 0.1203125
4 0.19765625 0.075 0.1578125 0.15
4 0.05 0.0625 0.1 0.125
3 0.784375 0.259375 0.43125 0.51875
4 0.284375 0.85390625 0.56875 0.2921875
3 0.93515625 0.80390625 0.1296875 0.1265625
3 0.871875 0.90078125 0.103125 0.103125
3 0.7953125 0.578125 0.15390625 0.09375
3 0.64453125 0.63359375 0.115625 0.09375
3 0.59453125 0.925 0.0515625 0.128125