3 0.26953125 0.1359375 0.0453125 0.08671875
3 0.2359375 0.4 0.084375 0.1109375
3 0.34453125 0.4140625 0.0296875 0.103125
3 0.14921875 0.19375 0.06484375 0.08671875
3 0.3984375 0.08203125 0.078125 0.1640625
3 0.66484375 0.07421875 0.3109375 0.1484375
3 0.93359375 0.07109375 0.1328125 0.1421875
3 0.91015625 0.33984375 0.1796875 0.2171875
3 0.65 0.34296875 0.259375 0.228125
3 0.403125 0.35390625 0.0875 0.2046875
4 0.21171875 0.64921875 0.2953125 0.1984375
4 0.74765625 0.67109375 0.2984375 0.2421875
4 0.5171875 0.7828125 0.315625 0.434375