3 0.33515625 0.3546875 0.1109375 0.196875
3 0.49375 0.3921875 0.071875 0.134375
3 0.221875 0.078125 0.10078125 0.15390625
3 0.08984375 0.31015625 0.071875 0.1078125
3 0.17265625 0.3765625 0.0890625 0.09140625
3 0.1765625 0.44765625 0.103125 0.0234375
3 0.478125 0.24296875 0.06953125 0.10078125
3 0.3453125 0.04375 0.1125 0.0875
3 0.47421875 0.0890625 0.06484375 0.09140625
3 0.77890625 0.065625 0.2015625 0.13125
3 0.946875 0.06796875 0.10625 0.1359375
3 0.26484375 0.73515625 0.5296875 0.5296875
3 0.76484375 0.7296875 0.4703125 0.540625