3 0.13046875 0.23671875 0.15859375 0.28125
3 0.509375 0.0453125 0.08125 0.090625
3 0.45078125 0.41640625 0.1984375 0.3703125
3 0.296875 0.1953125 0.11328125 0.25234375
3 0.76015625 0.390625 0.16328125 0.28359375
3 0.5984375 0.34765625 0.096875 0.2578125
3 0.10390625 0.8296875 0.165625 0.290625
3 0.4375 0.91171875 0.2125 0.1765625
3 0.2734375 0.78828125 0.115625 0.2578125
2 0.82734375 0.7125 0.2078125 0.10625
2 0.78046875 0.8671875 0.2421875 0.265625
2 0.5953125 0.76875 0.090625 0.21875
2 0.6265625 0.94921875 0.153125 0.1015625