3 0.28515625 0.2375 0.3078125 0.246875
3 0.07265625 0.33671875 0.1453125 0.2359375
3 0.1609375 0.05078125 0.321875 0.1015625
3 0.24609375 0.12734375 0.37734375 0.18984375
3 0.49375 0.28125 0.109375 0.196875
3 0.803125 0.16484375 0.103125 0.14453125
3 0.74296875 0.01640625 0.1109375 0.0328125
3 0.66953125 0.334375 0.10546875 0.165625
3 0.8484375 0.38828125 0.09140625 0.10078125
3 0.95625 0.17421875 0.0875 0.1015625
3 0.6359375 0.16953125 0.06953125 0.10078125
3 0.63125 0.03046875 0.065625 0.0609375
3 0.21953125 0.94140625 0.4390625 0.1171875
3 0.52578125 0.634375 0.1734375 0.309375
3 0.71953125 0.69296875 0.5609375 0.4265625
3 0.61640625 0.8625 0.3546875 0.275
3 0.83046875 0.5296875 0.3390625 0.1