4 0.21484375 0.30703125 0.4296875 0.5140625
4 0.8046875 0.16640625 0.390625 0.2671875
4 0.4953125 0.08359375 0.13125 0.1203125
4 0.2609375 0.8234375 0.3375 0.353125
4 0.834375 0.8703125 0.315625 0.259375
4 0.728125 0.9734375 0.221875 0.053125
4 0.52421875 0.815625 0.1890625 0.284375
4 0.67109375 0.78984375 0.2046875 0.2015625
4 0.7953125 0.73125 0.153125 0.225
4 0.96171875 0.77109375 0.0765625 0.2484375
4 0.97265625 0.909375 0.0546875 0.18125
4 0.50546875 0.65625 0.1515625 0.075
4 0.678125 0.64609375 0.159375 0.0546875