3 0.16484375 0.25390625 0.3296875 0.5078125
2 0.8921875 0.1453125 0.215625 0.246875
2 0.5921875 0.15546875 0.2046875 0.2015625
2 0.35234375 0.17421875 0.0453125 0.1703125
2 0.62734375 0.47421875 0.1953125 0.1890625
2 0.93125 0.45390625 0.1375 0.2296875
3 0.16484375 0.784375 0.3296875 0.43125
3 0.3984375 0.72265625 0.1375 0.2078125
3 0.88828125 0.82421875 0.2234375 0.1671875
3 0.6640625 0.7828125 0.24765625 0.1875
3 0.64765625 0.6265625 0.1234375 0.115625
3 0.45078125 0.92578125 0.1515625 0.115625
3 0.690625 0.9171875 0.2375 0.165625
3 0.8265625 0.61796875 0.271875 0.0984375
3 0.3796875 0.865625 0.1 0.134375