3 0.3875 0.53828125 0.121875 0.0828125
3 0.259375 0.44765625 0.16328125 0.08203125
3 0.63359375 0.51875 0.1109375 0.103125
3 0.6046875 0.13515625 0.12265625 0.09609375
3 0.46640625 0.0859375 0.134375 0.09609375
3 0.35625 0.13515625 0.1390625 0.08671875
3 0.18046875 0.153125 0.11328125 0.08671875
3 0.13828125 0.25390625 0.0984375 0.08203125
3 0.1671875 0.32421875 0.14921875 0.0671875
3 0.46640625 0.25390625 0.21640625 0.1078125
3 0.5359375 0.3625 0.09609375 0.0625
3 0.53046875 0.43203125 0.1078125 0.08671875
3 0.84453125 0.28984375 0.3109375 0.5796875
3 0.49609375 0.90703125 0.1671875 0.1859375
3 0.6328125 0.884375 0.1125 0.23125
3 0.06328125 0.921875 0.1265625 0.15625
3 0.16796875 0.8890625 0.1359375 0.221875
3 0.33828125 0.85390625 0.11328125 0.2234375
3 0.446875 0.77578125 0.08203125 0.16328125
3 0.84453125 0.77421875 0.3109375 0.3890625