4 0.109375 0.38671875 0.21875 0.3859375
3 0.68984375 0.28984375 0.6203125 0.5796875
3 0.18984375 0.78984375 0.3796875 0.4203125
3 0.92578125 0.60546875 0.1171875 0.0515625
3 0.8734375 0.8140625 0.09140625 0.1515625
3 0.83359375 0.95234375 0.0765625 0.0953125
3 0.62265625 0.690625 0.0890625 0.11796875
3 0.59375 0.8921875 0.0890625 0.11328125
3 0.75078125 0.7359375 0.071875 0.15625
3 0.971875 0.89140625 0.05625 0.1140625
3 0.71640625 0.953125 0.0703125 0.09375
3 0.47734375 0.646875 0.0890625 0.1078125