3 0.16953125 0.309375 0.3390625 0.61875
4 0.690625 0.08984375 0.09609375 0.15859375
4 0.7078125 0.4875 0.10546875 0.1421875
4 0.97265625 0.51796875 0.0546875 0.1546875
4 0.83671875 0.58046875 0.0984375 0.0765625
4 0.8296875 0.44609375 0.084375 0.12265625
4 0.4359375 0.26171875 0.11328125 0.13203125
4 0.51640625 0.08046875 0.071875 0.10546875
4 0.54765625 0.0453125 0.0796875 0.090625
4 0.8078125 0.053125 0.11875 0.10625
4 0.978125 0.053125 0.04375 0.10625
4 0.4234375 0.53203125 0.12265625 0.115625
4 0.57421875 0.41484375 0.10546875 0.1109375
4 0.6078125 0.575 0.090625 0.0875
3 0.16953125 0.809375 0.3390625 0.38125
4 0.66953125 0.809375 0.6609375 0.38125