3 0.13203125 0.284375 0.2640625 0.56875
3 0.48984375 0.54921875 0.1640625 0.0390625
3 0.9640625 0.44140625 0.071875 0.1078125
3 0.8359375 0.25859375 0.12265625 0.09609375
3 0.69765625 0.209375 0.134375 0.09609375
3 0.5875 0.25859375 0.1390625 0.08671875
3 0.41171875 0.2765625 0.11328125 0.08671875
3 0.36953125 0.37734375 0.0984375 0.08203125
3 0.3984375 0.44765625 0.14921875 0.0671875
3 0.69765625 0.37734375 0.21640625 0.1078125
3 0.7671875 0.4859375 0.09609375 0.0625
3 0.76171875 0.53984375 0.1078125 0.0578125
3 0.2609375 0.821875 0.115625 0.0875
3 0.09765625 0.840625 0.11328125 0.08671875
3 0.05546875 0.94140625 0.0984375 0.08203125
3 0.08359375 0.9890625 0.1484375 0.021875
3 0.296875 0.94140625 0.04375 0.1078125
3 0.659375 0.784375 0.68125 0.43125