4 0.18046875 0.1265625 0.3609375 0.253125
4 0.1671875 0.42109375 0.334375 0.2578125
4 0.91328125 0.425 0.1734375 0.25
4 0.659375 0.37578125 0.21875 0.28359375
4 0.82109375 0.34921875 0.2046875 0.2015625
4 0.934375 0.2765625 0.13125 0.253125
4 0.684375 0.08125 0.1078125 0.1609375
4 0.571875 0.046875 0.13125 0.09375
4 0.52734375 0.25234375 0.1765625 0.1609375
4 0.6109375 0.16875 0.240625 0.1703125
4 0.82890625 0.1484375 0.15859375 0.1703125
4 0.51171875 0.42421875 0.1453125 0.2515625
4 0.21953125 0.775 0.4390625 0.45
4 0.71953125 0.775 0.5609375 0.45