3 0.40390625 0.13203125 0.1953125 0.2640625
3 0.52578125 0.23125 0.178125 0.16796875
3 0.64609375 0.38828125 0.1078125 0.2015625
3 0.18984375 0.44375 0.25234375 0.21171875
3 0.11484375 0.109375 0.14921875 0.15859375
3 0.6140625 0.51015625 0.15 0.0984375
3 0.478125 0.3546875 0.18984375 0.22109375
3 0.7859375 0.2953125 0.171875 0.528125
3 0.94453125 0.33984375 0.1109375 0.4390625
3 0.35 0.61484375 0.7 0.1109375
3 0.0984375 0.8421875 0.159375 0.315625
3 0.603125 0.83984375 0.1125 0.3203125
3 0.8453125 0.765625 0.290625 0.1375