3 0.3703125 0.2984375 0.31875 0.403125
3 0.81875 0.1015625 0.0796875 0.084375
3 0.82109375 0.34921875 0.07421875 0.09375
3 0.96640625 0.3171875 0.0671875 0.084375
3 0.9828125 0.18515625 0.034375 0.1140625
3 0.6359375 0.403125 0.1078125 0.0796875
3 0.628125 0.03203125 0.13125 0.0640625
3 0.61328125 0.2234375 0.0890625 0.09375
3 0.5390625 0.38203125 0.01875 0.1140625
3 0.82109375 0.22578125 0.103125 0.06953125
3 0.96875 0.04609375 0.0625 0.0921875
3 0.26484375 0.75 0.5296875 0.5
3 0.76484375 0.73828125 0.4703125 0.4765625