3 0.240625 0.40234375 0.115625 0.1515625
3 0.1375 0.4484375 0.128125 0.08125
3 0.02109375 0.17421875 0.0421875 0.1765625
3 0.1796875 0.115625 0.1203125 0.13671875
3 0.025 0.390625 0.05 0.1
3 0.14921875 0.24609375 0.134375 0.09609375
3 0.28046875 0.18671875 0.11796875 0.08671875
3 0.63359375 0.18671875 0.3265625 0.3734375
3 0.9265625 0.18828125 0.146875 0.3765625
3 0.1796875 0.74453125 0.359375 0.5109375
3 0.5 0.65234375 0.28125 0.3140625
3 0.84453125 0.68203125 0.3109375 0.3859375
3 0.84921875 0.94765625 0.3015625 0.1046875
3 0.51171875 0.95 0.3046875 0.1