3 0.64453125 0.2 0.7109375 0.4
3 0.14453125 0.7 0.2890625 0.6
3 0.8453125 0.63125 0.11796875 0.10078125
3 0.7921875 0.8640625 0.09140625 0.1515625
3 0.75234375 0.97734375 0.0765625 0.0453125
3 0.54140625 0.740625 0.0890625 0.11796875
3 0.5125 0.9421875 0.0890625 0.11328125
3 0.66953125 0.7859375 0.071875 0.15625
3 0.91640625 0.9421875 0.10546875 0.11328125
3 0.9734375 0.753125 0.053125 0.16875
3 0.63515625 0.978125 0.0703125 0.04375
3 0.39609375 0.696875 0.0890625 0.1078125
3 0.53046875 0.5578125 0.125 0.1296875
3 0.69765625 0.4359375 0.1140625 0.071875