3 0.2546875 0.209375 0.509375 0.41875
3 0.85078125 0.12578125 0.2921875 0.2515625
3 0.659375 0.34375 0.15625 0.15
3 0.41953125 0.53125 0.1796875 0.225
3 0.30625 0.6109375 0.178125 0.16796875
3 0.15703125 0.76796875 0.16796875 0.2015625
3 0.42109375 0.96328125 0.1765625 0.0734375
3 0.0359375 0.48828125 0.071875 0.1390625
3 0.0578125 0.63515625 0.115625 0.1609375
3 0.025 0.8296875 0.05 0.290625
3 0.0875 0.9546875 0.175 0.090625
3 0.2171875 0.89453125 0.14921875 0.1078125
3 0.35546875 0.734375 0.18984375 0.22109375
3 0.671875 0.48984375 0.325 0.1421875
3 0.6234375 0.725 0.228125 0.29375
3 0.76796875 0.94296875 0.1859375 0.1140625
3 0.5984375 0.9421875 0.178125 0.115625
3 0.87578125 0.69140625 0.2484375 0.3140625
3 0.94453125 0.95234375 0.1109375 0.0953125