3 0.271875 0.2296875 0.0765625 0.08203125
3 0.27421875 0.46875 0.071875 0.09140625
3 0.43203125 0.43671875 0.0984375 0.08203125
3 0.459375 0.31171875 0.09140625 0.1078125
3 0.5921875 0.234375 0.115625 0.071875
3 0.490625 0.5828125 0.0984375 0.0765625
3 0.096875 0.5203125 0.103125 0.0765625
3 0.090625 0.13515625 0.12734375 0.115625
3 0.3484375 0.0359375 0.121875 0.071875
3 0.075 0.34765625 0.084375 0.09140625
3 0.61484375 0.64296875 0.0703125 0.0328125
3 0.27421875 0.3484375 0.0984375 0.0671875
3 0.42578125 0.1671875 0.0765625 0.1078125
3 0.825 0.3296875 0.35 0.659375
2 0.1421875 0.8296875 0.284375 0.340625
2 0.825 0.8296875 0.35 0.340625