4 0.41484375 0.1109375 0.2296875 0.221875
4 0.35234375 0.23359375 0.22109375 0.23828125
4 0.134375 0.30546875 0.26875 0.2078125
4 0.1328125 0.0625 0.21875 0.125
4 0.29453125 0.02890625 0.2046875 0.0578125
4 0.02890625 0.10390625 0.0578125 0.2078125
4 0.41875 0.3390625 0.221875 0.140625
4 0.6171875 0.10625 0.175 0.2125
4 0.86328125 0.134375 0.2734375 0.26875
4 0.6390625 0.334375 0.21875 0.15
4 0.8515625 0.3125 0.1203125 0.16796875
4 0.31796875 0.7046875 0.4234375 0.590625
4 0.74140625 0.9578125 0.0984375 0.084375