3 0.265625 0.55546875 0.146875 0.0671875
3 0.20546875 0.478125 0.12265625 0.09140625
3 0.078125 0.3828125 0.15625 0.08125
3 0.4640625 0.453125 0.13203125 0.10546875
3 0.55234375 0.25078125 0.0734375 0.1109375
3 0.42265625 0.0671875 0.12265625 0.09375
3 0.28359375 0.03203125 0.1359375 0.0640625
3 0.17265625 0.0671875 0.1421875 0.08671875
3 0.0265625 0.084375 0.053125 0.0875
3 0.02890625 0.2578125 0.0578125 0.06875
3 0.284375 0.1875 0.21875 0.1109375
3 0.35546875 0.296875 0.09609375 0.06484375
3 0.3484375 0.36640625 0.1109375 0.08671875
3 0.79453125 0.29453125 0.4109375 0.5890625
3 0.315625 0.7828125 0.24765625 0.22578125
3 0.07265625 0.94375 0.1171875 0.1125
3 0.1078125 0.75625 0.09609375 0.1078125
3 0.17265625 0.98984375 0.1171875 0.0203125
3 0.79453125 0.79453125 0.4109375 0.4109375