3 0.184375 0.3484375 0.36875 0.38125
3 0.76796875 0.26953125 0.4578125 0.5390625
3 0.109375 0.94375 0.103125 0.1125
3 0.040625 0.87890625 0.08125 0.1234375
3 0.25859375 0.7546875 0.12734375 0.0984375
3 0.403125 0.70234375 0.1421875 0.0984375
3 0.4921875 0.75390625 0.09375 0.0921875
3 0.403125 0.8796875 0.22578125 0.11328125
3 0.32890625 0.97890625 0.0984375 0.0421875
3 0.56640625 0.91875 0.0546875 0.1625
3 0.8484375 0.81953125 0.103125 0.14453125
3 0.78828125 0.6140625 0.1109375 0.14921875
3 0.7140625 0.953125 0.10625 0.09375
3 0.97890625 0.82890625 0.0421875 0.1015625
3 0.68125 0.82421875 0.06953125 0.10078125
3 0.571875 0.60390625 0.065625 0.1296875
3 0.67734375 0.6703125 0.06484375 0.09140625