4 0.28984375 0.184375 0.5796875 0.36875
4 0.78984375 0.184375 0.4203125 0.36875
4 0.33203125 0.4328125 0.4578125 0.128125
4 0.14140625 0.76015625 0.2828125 0.4640625
4 0.4421875 0.74765625 0.275 0.4078125
4 0.890625 0.79921875 0.21875 0.3140625
4 0.8328125 0.92421875 0.221875 0.1515625
4 0.6515625 0.7171875 0.14375 0.284375
4 0.77578125 0.69140625 0.2046875 0.2015625
4 0.90078125 0.61953125 0.15390625 0.25234375
4 0.63828125 0.4359375 0.1078125 0.134375
4 0.6328125 0.51015625 0.10625 0.1703125
4 0.78359375 0.490625 0.15859375 0.1703125