4 0.3125 0.18984375 0.4203125 0.21171875
4 0.08828125 0.51171875 0.1765625 0.2671875
4 0.06875 0.3171875 0.1375 0.178125
3 0.8765625 0.37890625 0.14921875 0.15859375
3 0.63515625 0.57890625 0.1328125 0.1984375
3 0.91328125 0.6546875 0.1734375 0.090625
3 0.62265625 0.35625 0.1078125 0.18125
3 0.69296875 0.26953125 0.13203125 0.16796875
3 0.8671875 0.125 0.13671875 0.17578125
3 0.9828125 0.16328125 0.034375 0.1640625
3 0.96484375 0.371875 0.0703125 0.16875
3 0.284375 0.85 0.56875 0.3
3 0.96328125 0.86796875 0.0734375 0.0546875