3 0.04453125 0.08125 0.0890625 0.084375
3 0.29609375 0.0453125 0.0890625 0.090625
3 0.09765625 0.23359375 0.103125 0.0796875
3 0.0375 0.4125 0.075 0.09375
3 0.2359375 0.31796875 0.0890625 0.0796875
3 0.36953125 0.20234375 0.07421875 0.084375
3 0.38203125 0.37265625 0.0546875 0.0796875
3 0.8171875 0.271875 0.365625 0.3625
3 0.68125 0.45703125 0.303125 0.1640625
3 0.48125 0.4359375 0.14375 0.20625
3 0.703125 0.090625 0.4625 0.18125
3 0.27578125 0.76953125 0.2671875 0.4609375
3 0.65625 0.76953125 0.49375 0.4609375