3 0.3265625 0.209375 0.653125 0.41875
4 0.83671875 0.209375 0.2546875 0.41875
4 0.509375 0.45546875 0.246875 0.0734375
4 0.25 0.44765625 0.221875 0.0578125
4 0.5765625 0.63046875 0.20703125 0.21171875
4 0.3671875 0.62421875 0.15625 0.22109375
4 0.16171875 0.621875 0.20703125 0.20703125
4 0.0171875 0.6328125 0.034375 0.196875
4 0.03984375 0.88359375 0.0796875 0.2328125
4 0.17734375 0.871875 0.19921875 0.19453125
4 0.3984375 0.86953125 0.21171875 0.22109375
4 0.60859375 0.878125 0.19453125 0.20703125
4 0.8578125 0.6234375 0.284375 0.409375
4 0.96015625 0.73125 0.0796875 0.5375
4 0.74375 0.609375 0.06875 0.38125
4 0.8203125 0.9109375 0.221875 0.178125