3 0.21796875 0.10078125 0.1921875 0.2015625
3 0.33671875 0.171875 0.1734375 0.165625
3 0.484375 0.32578125 0.165625 0.196875
3 0.19609375 0.50625 0.2265625 0.046875
3 0.06484375 0.37890625 0.1296875 0.2078125
3 0.6421875 0.06015625 0.153125 0.1203125
3 0.621875 0.19375 0.19375 0.159375
3 0.653125 0.3859375 0.13125 0.2875
3 0.5640625 0.49765625 0.196875 0.0640625
3 0.42421875 0.44921875 0.146875 0.10546875
3 0.28828125 0.29296875 0.1875 0.21640625
3 0.859375 0.26484375 0.28125 0.5296875
3 0.44296875 0.5859375 0.4328125 0.1125
3 0.4671875 0.76484375 0.321875 0.4703125
3 0.84296875 0.77265625 0.10078125 0.1421875
3 0.78359375 0.58828125 0.1109375 0.1171875
3 0.74140625 0.9296875 0.0453125 0.140625
3 0.88671875 0.97109375 0.0921875 0.0578125
3 0.97578125 0.78359375 0.0484375 0.0984375