3 0.1796875 0.26484375 0.359375 0.5296875
3 0.75546875 0.3265625 0.10546875 0.125
3 0.5984375 0.38671875 0.115625 0.15390625
3 0.49453125 0.44296875 0.1296875 0.0984375
3 0.378125 0.15703125 0.0375 0.1765625
3 0.5359375 0.09765625 0.1203125 0.1390625
3 0.92265625 0.2359375 0.15390625 0.1296875
3 0.93515625 0.48515625 0.0984375 0.0890625
3 0.725 0.49375 0.1 0.071875
3 0.3828125 0.375 0.046875 0.103125
3 0.50546875 0.22890625 0.134375 0.0984375
3 0.6375 0.16875 0.1203125 0.0890625
3 0.1796875 0.76484375 0.359375 0.4703125
3 0.6796875 0.76484375 0.640625 0.4703125