4 0.084375 0.3703125 0.16875 0.559375
4 0.29296875 0.23359375 0.290625 0.35078125
4 0.29609375 0.50390625 0.3265625 0.2921875
4 0.4984375 0.4671875 0.121875 0.365625
4 0.475 0.115625 0.16875 0.23125
4 0.3109375 0.05390625 0.21875 0.1078125
4 0.11640625 0.06796875 0.2328125 0.1359375
4 0.840625 0.128125 0.31875 0.25625
4 0.78203125 0.4671875 0.4359375 0.365625
3 0.45546875 0.825 0.2078125 0.35
3 0.23515625 0.8015625 0.2359375 0.303125
3 0.07421875 0.83203125 0.1484375 0.3359375
3 0.75703125 0.825 0.3953125 0.35