3 0.425 0.24453125 0.85 0.4890625
4 0.925 0.23671875 0.15 0.4640625
4 0.925 0.45 0.15 0.078125
4 0.3140625 0.58046875 0.09609375 0.15859375
4 0.33046875 0.953125 0.1046875 0.09375
4 0.62421875 0.965625 0.1109375 0.06875
4 0.453125 0.93671875 0.084375 0.12265625
4 0.059375 0.75234375 0.11328125 0.13203125
4 0.13984375 0.57109375 0.071875 0.10546875
4 0.17109375 0.53515625 0.0796875 0.0921875
4 0.43125 0.54296875 0.11875 0.1078125
4 0.61953125 0.54296875 0.0796875 0.1078125
4 0.703125 0.7625 0.09609375 0.18515625
4 0.05390625 0.98203125 0.1078125 0.0359375
4 0.19765625 0.90546875 0.10546875 0.1109375
3 0.925 0.66328125 0.15 0.3484375