4 0.159375 0.0984375 0.31875 0.196875
4 0.159375 0.2921875 0.31875 0.134375
4 0.3640625 0.15390625 0.090625 0.2453125
4 0.50625 0.13671875 0.19921875 0.19453125
4 0.72734375 0.13359375 0.21171875 0.22109375
4 0.9203125 0.14140625 0.159375 0.2078125
4 0.91015625 0.315625 0.1796875 0.0875
4 0.7234375 0.315625 0.15 0.0875
4 0.50234375 0.3125 0.2234375 0.09375
3 0.159375 0.65625 0.31875 0.59375
4 0.45625 0.39765625 0.275 0.0765625
4 0.46171875 0.565625 0.2859375 0.08125
4 0.834375 0.67109375 0.22578125 0.0625
4 0.91015625 0.84375 0.1796875 0.096875
4 0.51640625 0.78515625 0.3296875 0.08671875
4 0.5890625 0.95859375 0.446875 0.0625