4 0.225 0.23984375 0.45 0.4796875
4 0.90390625 0.1328125 0.1921875 0.265625
4 0.6171875 0.184375 0.1875 0.35078125
4 0.4765625 0.34453125 0.053125 0.2703125
4 0.9609375 0.375 0.078125 0.209375
3 0.08984375 0.50234375 0.0453125 0.0453125
3 0.05625 0.746875 0.084375 0.1109375
3 0.2328125 0.59453125 0.0578125 0.103125
3 0.30703125 0.49375 0.0453125 0.028125
3 0.42734375 0.84140625 0.0453125 0.0828125
3 0.35859375 0.853125 0.0578125 0.09375
3 0.29140625 0.83046875 0.053125 0.09375
3 0.18125 0.76171875 0.06015625 0.103125
4 0.7921875 0.73984375 0.415625 0.5203125