4 0.08125 0.55078125 0.1390625 0.16328125
4 0.3046875 0.20625 0.128125 0.190625
4 0.3 0.39921875 0.1375 0.1421875
4 0.08515625 0.11171875 0.1703125 0.1515625
4 0.2640625 0.5703125 0.146875 0.125
4 0.09453125 0.3453125 0.125 0.10078125
4 0.2140625 0.70234375 0.165625 0.0734375
4 0.6171875 0.34453125 0.28359375 0.64453125
4 0.4640625 0.525 0.190625 0.428125
4 0.8296875 0.41171875 0.2671875 0.4546875
4 0.71796875 0.7 0.3296875 0.078125
4 0.184375 0.86953125 0.36875 0.2609375
4 0.684375 0.86953125 0.63125 0.2609375