3 0.284375 0.13984375 0.56875 0.2796875
3 0.784375 0.03671875 0.43125 0.0734375
3 0.23046875 0.9 0.1515625 0.103125
3 0.29453125 0.8015625 0.12734375 0.09375
3 0.42890625 0.7015625 0.1703125 0.08671875
3 0.046875 0.77421875 0.09375 0.1078125
3 0.06796875 0.375 0.12734375 0.0984375
3 0.21171875 0.32578125 0.1421875 0.0921875
3 0.328125 0.375 0.146875 0.09140625
3 0.51015625 0.3921875 0.1171875 0.090625
3 0.53671875 0.49921875 0.0640625 0.0859375
3 0.50859375 0.571875 0.1203125 0.071875
3 0.2125 0.5 0.22578125 0.11328125
3 0.1390625 0.6125 0.0984375 0.0671875
3 0.14609375 0.6859375 0.11328125 0.09140625
3 0.784375 0.63984375 0.43125 0.7203125