3 0.24765625 0.296875 0.1109375 0.196875
3 0.5328125 0.1796875 0.053125 0.14375
3 0.49765625 0.02421875 0.1109375 0.0484375
3 0.42421875 0.35 0.10546875 0.165625
3 0.13359375 0.0484375 0.1015625 0.096875
3 0.01875 0.25234375 0.0375 0.1078125
3 0.08515625 0.31875 0.0890625 0.09140625
3 0.0890625 0.43515625 0.103125 0.11328125
3 0.1953125 0.54765625 0.0875 0.0828125
3 0.390625 0.18515625 0.06953125 0.10078125
3 0.2578125 0.01484375 0.1125 0.0296875
3 0.3859375 0.03828125 0.065625 0.0765625
3 0.9640625 0.221875 0.071875 0.39375
3 0.671875 0.221875 0.225 0.4375
3 0.53203125 0.85 0.0546875 0.3
3 0.35859375 0.76484375 0.07421875 0.1390625
3 0.3375 0.93203125 0.1 0.1359375