3 0.375 0.2296875 0.75 0.459375
3 0.875 0.2296875 0.25 0.459375
3 0.409375 0.85625 0.14453125 0.0984375
3 0.34921875 0.76171875 0.12265625 0.09140625
3 0.2203125 0.66640625 0.16328125 0.08203125
3 0.60546875 0.7375 0.13203125 0.103125
3 0.70390625 0.53671875 0.0921875 0.1078125
3 0.09921875 0.4859375 0.0984375 0.053125
3 0.128125 0.54296875 0.14921875 0.0671875
3 0.4265625 0.49296875 0.215625 0.0671875
3 0.496875 0.58125 0.09609375 0.0625
3 0.49140625 0.65078125 0.1078125 0.08671875
3 0.82421875 0.79375 0.1484375 0.403125