3 0.18984375 0.234375 0.3796875 0.46875
4 0.89296875 0.41015625 0.1453125 0.1171875
4 0.74140625 0.40234375 0.1453125 0.1328125
4 0.46015625 0.38125 0.1203125 0.175
4 0.5625 0.1484375 0.13203125 0.12734375
4 0.9109375 0.23515625 0.178125 0.1734375
4 0.6765625 0.0609375 0.1 0.121875
4 0.18984375 0.82890625 0.3796875 0.3421875
4 0.22578125 0.59296875 0.3078125 0.2484375
4 0.08515625 0.7296875 0.1703125 0.521875
4 0.80703125 0.54296875 0.0890625 0.1484375
4 0.89296875 0.5015625 0.0796875 0.065625
4 0.759375 0.8296875 0.09140625 0.15859375
4 0.88671875 0.80078125 0.09140625 0.1390625