3 0.2546875 0.16484375 0.509375 0.3296875
3 0.61875 0.03125 0.15625 0.0625
3 0.971875 0.13515625 0.05625 0.1765625
3 0.69296875 0.28515625 0.2328125 0.0890625
3 0.60546875 0.190625 0.12265625 0.12265625
3 0.7984375 0.0890625 0.13671875 0.1296875
3 0.7921875 0.015625 0.159375 0.03125
3 0.8875 0.30390625 0.128125 0.0515625
3 0.44140625 0.378125 0.1171875 0.096875
3 0.3890625 0.609375 0.09140625 0.1515625
3 0.35 0.77421875 0.0765625 0.146875
3 0.13828125 0.4859375 0.0890625 0.11796875
3 0.109375 0.6875 0.0890625 0.11328125
3 0.26640625 0.53125 0.071875 0.15625
3 0.484375 0.68671875 0.05 0.1140625
3 0.3015625 0.9296875 0.10078125 0.11328125
3 0.2328125 0.7546875 0.06953125 0.10546875
3 0.01875 0.44140625 0.0375 0.1078125
3 0.1265625 0.3484375 0.125 0.0375
3 0.7546875 0.66484375 0.490625 0.6703125