3 0.296875 0.1171875 0.065625 0.234375
3 0.07578125 0.18046875 0.1515625 0.3609375
3 0.66640625 0.2046875 0.6671875 0.409375
3 0.1328125 0.9828125 0.146875 0.034375
3 0.07265625 0.921875 0.12265625 0.09140625
3 0.296875 0.89609375 0.065625 0.1046875
3 0.27890625 0.5109375 0.1015625 0.09375
3 0.1515625 0.4609375 0.13671875 0.09609375
3 0.05546875 0.51015625 0.1109375 0.0859375
3 0.1515625 0.63125 0.21875 0.1109375
3 0.22265625 0.740625 0.09609375 0.06484375
3 0.215625 0.81015625 0.1109375 0.08671875
3 0.66484375 0.7046875 0.6703125 0.590625