3 0.58203125 0.3734375 0.1734375 0.290625
3 0.315625 0.36953125 0.290625 0.2984375
3 0.071875 0.42890625 0.14375 0.1796875
3 0.834375 0.259375 0.33125 0.51875
3 0.409375 0.96875 0.128125 0.0625
3 0.54453125 0.884375 0.1703125 0.08671875
3 0.14140625 0.9515625 0.1359375 0.096875
3 0.04296875 0.74765625 0.0859375 0.1140625
3 0.1828125 0.5625 0.128125 0.0875
3 0.32734375 0.53671875 0.1421875 0.0359375
3 0.44375 0.5609375 0.146875 0.084375
3 0.61796875 0.575 0.1015625 0.090625
3 0.64453125 0.68203125 0.0484375 0.0859375
3 0.61640625 0.7546875 0.1046875 0.071875
3 0.328125 0.6828125 0.22578125 0.11328125
3 0.2546875 0.7953125 0.0984375 0.0671875
3 0.26171875 0.86875 0.11328125 0.09140625
3 0.834375 0.759375 0.33125 0.48125