3 0.2046875 0.21953125 0.409375 0.4390625
3 0.728125 0.23125 0.54375 0.415625
3 0.090625 0.6859375 0.18125 0.49375
3 0.25390625 0.5796875 0.2671875 0.28125
3 0.6484375 0.5140625 0.134375 0.15
3 0.68984375 0.65546875 0.13203125 0.1734375
3 0.85625 0.8296875 0.12734375 0.196875
3 0.68671875 0.94921875 0.1265625 0.1015625
3 0.4765625 0.94375 0.134375 0.1125
3 0.45859375 0.82578125 0.0984375 0.2015625
3 0.5328125 0.8234375 0.13203125 0.18515625
3 0.8625 0.51171875 0.128125 0.1453125
3 0.45078125 0.50859375 0.0828125 0.1390625