3 0.25 0.16953125 0.5 0.3390625
3 0.76015625 0.20390625 0.3265625 0.2703125
3 0.275 0.684375 0.1109375 0.19453125
3 0.44921875 0.7359375 0.1015625 0.1625
3 0.16171875 0.41328125 0.1015625 0.1484375
3 0.03203125 0.6390625 0.0640625 0.10625
3 0.11171875 0.70546875 0.08671875 0.0890625
3 0.11640625 0.82109375 0.103125 0.1109375
3 0.22265625 0.94453125 0.0890625 0.1109375
3 0.46328125 0.984375 0.0734375 0.03125
3 0.41796875 0.5734375 0.071875 0.10078125
3 0.284375 0.38125 0.115625 0.084375
3 0.41328125 0.42109375 0.06484375 0.0890625
3 0.8953125 0.646875 0.209375 0.5