3 0.38125 0.2171875 0.10546875 0.12265625
3 0.225 0.27734375 0.115625 0.1515625
3 0.121875 0.33125 0.128125 0.096875
3 0.16328125 0.02890625 0.1203125 0.0578125
3 0.51484375 0.12734375 0.0890625 0.1265625
3 0.53515625 0.3546875 0.0484375 0.05
3 0.35078125 0.36328125 0.1015625 0.0328125
3 0.0171875 0.265625 0.034375 0.1
3 0.13359375 0.12109375 0.134375 0.09609375
3 0.26484375 0.06171875 0.11796875 0.08671875
3 0.7796875 0.18984375 0.440625 0.3796875
3 0.38046875 0.61796875 0.34375 0.30078125
3 0.08046875 0.64453125 0.1609375 0.3734375
3 0.36640625 0.92734375 0.3609375 0.1453125
3 0.76796875 0.6625 0.4171875 0.565625