3 0.36484375 0.05234375 0.1953125 0.1046875
3 0.4484375 0.07734375 0.103125 0.1546875
3 0.3453125 0.496875 0.23046875 0.21640625
3 0.15078125 0.284375 0.25234375 0.21171875
3 0.421875 0.19453125 0.15625 0.2203125
3 0.85234375 0.1625 0.2953125 0.325
3 0.696875 0.21875 0.39375 0.4375
3 0.765625 0.4359375 0.46875 0.346875
3 0.20078125 0.6765625 0.1828125 0.134375
3 0.2765625 0.7625 0.23046875 0.21640625
3 0.046875 0.92734375 0.09375 0.1453125
3 0.4328125 0.91640625 0.134375 0.1671875
3 0.4328125 0.71484375 0.134375 0.2109375
3 0.8953125 0.95859375 0.128125 0.0828125
3 0.97265625 0.86328125 0.0546875 0.0859375
3 0.628125 0.9375 0.13671875 0.1078125
3 0.5359375 0.72734375 0.071875 0.1140625
3 0.81328125 0.6640625 0.2265625 0.109375
3 0.740625 0.775 0.0984375 0.0671875
3 0.74765625 0.8484375 0.11328125 0.09140625