3 0.34609375 0.21171875 0.14921875 0.2953125
3 0.51015625 0.23125 0.14453125 0.3390625
3 0.67265625 0.21328125 0.1734375 0.4046875
3 0.67890625 0.4671875 0.1609375 0.165625
3 0.0609375 0.09765625 0.121875 0.1953125
3 0.146875 0.16875 0.228125 0.27421875
3 0.14296875 0.4296875 0.2859375 0.240625
3 0.8796875 0.275 0.240625 0.55
3 0.6515625 0.59375 0.215625 0.0875
3 0.19921875 0.659375 0.2578125 0.21875
3 0.046875 0.58671875 0.09375 0.0734375
3 0.5578125 0.85 0.271875 0.27890625
3 0.22265625 0.90859375 0.2671875 0.1828125
3 0.8796875 0.775 0.240625 0.45