3 0.21953125 0.21953125 0.4390625 0.4390625
4 0.54765625 0.17578125 0.2171875 0.3515625
4 0.80078125 0.06953125 0.3984375 0.1390625
4 0.97578125 0.3140625 0.0484375 0.246875
4 0.665625 0.29453125 0.215625 0.2890625
4 0.50078125 0.36640625 0.1234375 0.1453125
4 0.3140625 0.60234375 0.09609375 0.15859375
4 0.33046875 0.9640625 0.1046875 0.071875
4 0.425 0.9484375 0.028125 0.103125
4 0.059375 0.77421875 0.11328125 0.13203125
4 0.13984375 0.59296875 0.071875 0.10546875
4 0.171875 0.52421875 0.0796875 0.15859375
4 0.40546875 0.5546875 0.0671875 0.128125
4 0.19765625 0.92734375 0.10546875 0.1109375
3 0.71953125 0.71953125 0.5609375 0.5609375