4 0.63671875 0.16953125 0.1546875 0.3390625
4 0.86875 0.16953125 0.2625 0.3390625
3 0.40625 0.71484375 0.14453125 0.15390625
3 0.16015625 0.90703125 0.1515625 0.1859375
3 0.453125 0.9703125 0.190625 0.059375
3 0.15625 0.69453125 0.1109375 0.17578125
3 0.228125 0.609375 0.12734375 0.165625
3 0.396875 0.4671875 0.1296875 0.1703125
3 0.5265625 0.50390625 0.065625 0.1578125
3 0.5078125 0.709375 0.103125 0.165625
3 0.8859375 0.73359375 0.2140625 0.26171875
3 0.6359375 0.4671875 0.13203125 0.16328125
3 0.653125 0.675 0.1875 0.16875