3 0.1421875 0.30625 0.284375 0.60625
4 0.640625 0.415625 0.08671875 0.19453125
4 0.55546875 0.359375 0.0765625 0.14453125
4 0.43671875 0.18359375 0.0765625 0.10546875
4 0.33125 0.228125 0.0765625 0.14453125
4 0.19921875 0.68046875 0.1109375 0.1421875
4 0.0640625 0.79375 0.103125 0.115625
4 0.071875 0.65390625 0.0875 0.0890625
4 0.271875 0.79609375 0.034375 0.1421875
4 0.92734375 0.8265625 0.1453125 0.346875
4 0.7296875 0.80078125 0.30078125 0.3609375
4 0.72421875 0.9640625 0.3359375 0.071875
4 0.44765625 0.9265625 0.2609375 0.146875
4 0.52578125 0.70390625 0.2015625 0.1890625
4 0.71015625 0.640625 0.2265625 0.0625
4 0.89453125 0.6546875 0.2109375 0.090625
4 0.36484375 0.746875 0.1515625 0.271875