3 0.35703125 0.19375 0.2859375 0.3875
3 0.11875 0.39140625 0.2375 0.3546875
3 0.45390625 0.4 0.0921875 0.3375
3 0.78359375 0.08671875 0.1421875 0.15390625
3 0.9765625 0.284375 0.046875 0.196875
3 0.9078125 0.49375 0.184375 0.15
3 0.73671875 0.421875 0.18984375 0.21640625
3 0.56015625 0.49140625 0.1203125 0.1546875
3 0.94921875 0.03203125 0.1015625 0.0640625
3 0.6296875 0.08203125 0.20703125 0.16328125
3 0.15625 0.9390625 0.1203125 0.10078125
3 0.28671875 0.94375 0.1421875 0.1125
3 0.42890625 0.7265625 0.1421875 0.090625
3 0.75 0.784375 0.5 0.43125