3 0.05625 0.384375 0.1125 0.159375
3 0.41328125 0.4359375 0.1515625 0.2625
3 0.0484375 0.13046875 0.096875 0.1765625
3 0.1953125 0.1703125 0.13203125 0.16328125
3 0.19921875 0.37890625 0.2140625 0.16796875
4 0.69453125 0.26328125 0.4109375 0.5265625
4 0.115625 0.92421875 0.1109375 0.146875
4 0.015625 0.88125 0.03125 0.125
4 0.3984375 0.69140625 0.1203125 0.13671875
4 0.409375 0.95546875 0.128125 0.0890625
4 0.25546875 0.8484375 0.1109375 0.115625
4 0.2171875 0.98515625 0.09375 0.0296875
3 0.74453125 0.8 0.5109375 0.4