3 0.446875 0.196875 0.10625 0.39375
3 0.22109375 0.246875 0.2765625 0.49375
3 0.02890625 0.2546875 0.0578125 0.315625
3 0.8234375 0.1609375 0.25703125 0.2953125
3 0.58203125 0.209375 0.134375 0.18984375
3 0.665625 0.48203125 0.08671875 0.0984375
3 0.8109375 0.5140625 0.09609375 0.0984375
3 0.365625 0.8546875 0.26875 0.28125
3 0.125 0.85 0.25 0.3
3 0.24921875 0.65234375 0.3796875 0.1671875
3 0.0546875 0.65859375 0.109375 0.1796875
3 0.4546875 0.65859375 0.090625 0.1796875
3 0.7484375 0.8765625 0.49375 0.246875