3 0.21953125 0.24453125 0.4390625 0.4890625
3 0.71953125 0.24453125 0.5609375 0.4890625
3 0.21953125 0.74453125 0.4390625 0.5109375
3 0.640625 0.9859375 0.121875 0.028125
3 0.515625 0.9234375 0.153125 0.08125
3 0.89921875 0.9703125 0.1328125 0.059375
3 0.97578125 0.79140625 0.0484375 0.1109375
3 0.85859375 0.6078125 0.12265625 0.09375
3 0.7203125 0.5578125 0.13671875 0.09609375
3 0.60859375 0.6078125 0.1421875 0.08671875
3 0.4640625 0.625 0.05 0.0875
3 0.46640625 0.7984375 0.0546875 0.06875
3 0.7203125 0.728125 0.21875 0.1109375
3 0.79140625 0.8375 0.09609375 0.06484375
3 0.784375 0.90703125 0.1109375 0.08671875