3 0.275 0.08984375 0.55 0.1796875
4 0.775 0.08984375 0.45 0.1796875
4 0.17578125 0.484375 0.3515625 0.609375
3 0.565625 0.4734375 0.03125 0.071875
3 0.81796875 0.63046875 0.04296875 0.084375
3 0.96015625 0.32734375 0.0796875 0.0796875
3 0.61875 0.2109375 0.053125 0.0453125
3 0.7859375 0.8859375 0.08203125 0.10546875
3 0.9578125 0.7390625 0.05546875 0.10078125
3 0.99375 0.9609375 0.0125 0.078125
3 0.90703125 0.9 0.06015625 0.10078125
3 0.7015625 0.6859375 0.0625 0.084375
3 0.72890625 0.43828125 0.03828125 0.0796875
3 0.72890625 0.33046875 0.03828125 0.071875
3 0.63203125 0.3390625 0.0484375 0.0890625