3 0.1609375 0.26640625 0.321875 0.2578125
3 0.4375 0.36875 0.2625 0.240625
3 0.3140625 0.0625 0.38125 0.125
3 0.5140625 0.115625 0.109375 0.1625
3 0.48046875 0.24609375 0.1765625 0.1796875
3 0.203125 0.15234375 0.39453125 0.19921875
3 0.784375 0.24453125 0.43125 0.4890625
3 0.2546875 0.578125 0.25625 0.178125
3 0.03984375 0.575 0.0796875 0.171875
3 0.096875 0.84296875 0.0890625 0.0984375
3 0.2421875 0.87578125 0.09609375 0.0984375
3 0.40546875 0.96328125 0.1140625 0.0734375
3 0.8859375 0.74375 0.22578125 0.34375
3 0.628125 0.79765625 0.11875 0.2671875