4 0.06015625 0.346875 0.1203125 0.34375
4 0.24453125 0.31796875 0.290625 0.35078125
4 0.24765625 0.48046875 0.3265625 0.0765625
4 0.4890625 0.44375 0.2 0.15
4 0.44140625 0.19296875 0.196875 0.2453125
4 0.2625 0.09609375 0.21875 0.1921875
4 0.0921875 0.11015625 0.184375 0.2203125
4 0.559375 0.2640625 0.059375 0.259375
4 0.79453125 0.259375 0.4109375 0.51875
4 0.29453125 0.759375 0.5890625 0.48125
3 0.66171875 0.60546875 0.0453125 0.08671875
3 0.6953125 0.86640625 0.084375 0.1078125
3 0.78046875 0.66171875 0.06484375 0.08671875