3 0.3296875 0.0171875 0.04375 0.034375
3 0.29765625 0.2171875 0.0828125 0.04375
3 0.45546875 0.10078125 0.0265625 0.1015625
3 0.41875 0.225 0.059375 0.028125
3 0.2140625 0.0484375 0.0625 0.084375
4 0.66328125 0.09453125 0.3234375 0.1890625
4 0.234375 0.61953125 0.46875 0.7609375
4 0.90703125 0.290625 0.1859375 0.103125
4 0.64453125 0.83984375 0.2765625 0.3203125
4 0.6234375 0.3375 0.1875 0.196875
4 0.91171875 0.71640625 0.1765625 0.4390625
4 0.4890625 0.55234375 0.040625 0.5328125
4 0.9640625 0.4578125 0.071875 0.221875