5 0.1984375 0.21484375 0.396875 0.4296875
8 0.52265625 0.059375 0.0859375 0.11875
8 0.88359375 0.04765625 0.1171875 0.0953125
8 0.73671875 0.365625 0.1296875 0.128125
8 0.3734375 0.5265625 0.0671875 0.11328125
8 0.27265625 0.49609375 0.0796875 0.1328125
8 0.46953125 0.65546875 0.0203125 0.1046875
8 0.1765625 0.81328125 0.0671875 0.09609375
8 0.659375 0.48984375 0.25 0.1203125
8 0.88828125 0.58828125 0.2234375 0.2609375
8 0.61015625 0.65390625 0.1078125 0.15625
8 0.50703125 0.8328125 0.0546875 0.3
8 0.94375 0.9 0.1125 0.2