8 0.221875 0.30078125 0.08203125 0.115625
8 0.09921875 0.3015625 0.0765625 0.0984375
8 0.06875 0.10703125 0.0796875 0.115625
8 0.021875 0.278125 0.04375 0.128125
8 0.30703125 0.51484375 0.0625 0.10078125
8 0.36875 0.51484375 0.06953125 0.10546875
8 0.1703125 0.5359375 0.071875 0.065625
8 0.17578125 0.428125 0.06015625 0.09609375
8 0.2421875 0.46015625 0.06953125 0.0796875
8 0.3046875 0.365625 0.12734375 0.115625
8 0.36328125 0.121875 0.0796875 0.0671875
8 0.1734375 0.06953125 0.08203125 0.0890625
8 0.0390625 0.0421875 0.078125 0.084375
8 0.040625 0.55546875 0.08125 0.0265625
8 0.01796875 0.41015625 0.0359375 0.1046875
8 0.16171875 0.196875 0.08671875 0.0796875
8 0.39453125 0.2453125 0.0625 0.06953125
8 0.0953125 0.49140625 0.05078125 0.12734375
8 0.24609375 0.19375 0.084375 0.09609375
8 0.440625 0.18828125 0.01875 0.0859375
8 0.42421875 0.55703125 0.0515625 0.0234375
8 0.725 0.284375 0.55 0.56875
8 0.225 0.784375 0.45 0.43125
8 0.71953125 0.784375 0.2140625 0.43125