6 0.06640625 0.0625 0.1328125 0.125
6 0.2328125 0.0546875 0.18125 0.109375
6 0.3734375 0.07734375 0.090625 0.1546875
6 0.39765625 0.24921875 0.0421875 0.1515625
6 0.240625 0.23359375 0.240625 0.1828125
6 0.05390625 0.228125 0.1078125 0.1375
6 0.20078125 0.375 0.1515625 0.028125
6 0.7703125 0.19453125 0.459375 0.3890625
6 0.04921875 0.9015625 0.0984375 0.196875
6 0.15859375 0.45859375 0.1453125 0.1390625
6 0.36328125 0.421875 0.1109375 0.065625
6 0.503125 0.409375 0.0625 0.040625
6 0.85078125 0.4015625 0.0859375 0.025
6 0.97109375 0.45234375 0.0578125 0.1265625
6 0.73203125 0.71796875 0.0796875 0.09375