8 0.4171875 0.07578125 0.06015625 0.10078125
8 0.64453125 0.12578125 0.0703125 0.1890625
8 0.74140625 0.2578125 0.14921875 0.1828125
8 0.35546875 0.434375 0.0984375 0.090625
8 0.12578125 0.89765625 0.09375 0.12734375
8 0.35546875 0.89140625 0.06953125 0.09140625
8 0.2703125 0.6171875 0.1078125 0.14453125
8 0.4359375 0.58125 0.06953125 0.1078125
8 0.09921875 0.41796875 0.0984375 0.0578125
8 0.56875 0.70078125 0.08125 0.1078125
8 0.56796875 0.5203125 0.0828125 0.14375
8 0.0234375 0.80625 0.046875 0.090625
8 0.08984375 0.6453125 0.0765625 0.10078125
8 0.16640625 0.81953125 0.1203125 0.1515625
8 0.79921875 0.6484375 0.3796875 0.51875