5 0.159375 0.225 0.31875 0.45
5 0.859375 0.3484375 0.28125 0.203125
5 0.30078125 0.77734375 0.0359375 0.1171875
5 0.01796875 0.50078125 0.0359375 0.1015625
5 0.03203125 0.96171875 0.0640625 0.0765625
5 0.08984375 0.47734375 0.0578125 0.0546875
5 0.2171875 0.646875 0.0890625 0.1390625
5 0.26875 0.91015625 0.084375 0.11796875
5 0.11328125 0.9734375 0.0765625 0.053125
5 0.03125 0.725 0.0625 0.090625
5 0.8015625 0.78359375 0.396875 0.4328125
5 0.9109375 0.49375 0.1375 0.0875
5 0.67890625 0.50859375 0.1359375 0.1171875