6 0.209375 0.225 0.41875 0.45
6 0.590625 0.24140625 0.34375 0.4109375
6 0.8359375 0.14765625 0.24765625 0.24296875
6 0.96171875 0.30390625 0.0765625 0.2203125
6 0.82890625 0.346875 0.2734375 0.20625
6 0.45546875 0.28984375 0.0734375 0.3203125
8 0.26484375 0.871875 0.2765625 0.25625
8 0.14765625 0.66484375 0.2953125 0.4296875
6 0.62734375 0.496875 0.053125 0.06484375
6 0.75625 0.52421875 0.053125 0.06015625
6 0.89296875 0.5421875 0.0671875 0.10078125
6 0.86328125 0.68046875 0.0578125 0.06484375
6 0.77265625 0.95234375 0.0796875 0.08203125
6 0.52265625 0.6671875 0.0484375 0.06015625