8 0.0984375 0.2828125 0.1078125 0.12265625
8 0.39921875 0.26796875 0.0796875 0.1265625
8 0.03203125 0.48125 0.0640625 0.15625
8 0.1046875 0.51015625 0.09375 0.0984375
8 0.3125 0.48671875 0.103125 0.1453125
8 0.15 0.1765625 0.103125 0.10546875
8 0.35859375 0.16796875 0.1609375 0.1109375
8 0.59453125 0.2234375 0.27890625 0.384375
8 0.92109375 0.1390625 0.1578125 0.278125
5 0.178125 0.7734375 0.35625 0.428125
8 0.903125 0.8015625 0.18046875 0.259375
8 0.478125 0.646875 0.0671875 0.1390625
8 0.9140625 0.63125 0.103125 0.14375
8 0.65 0.64921875 0.14921875 0.1703125
8 0.4921875 0.81640625 0.10625 0.1390625
8 0.7171875 0.8078125 0.1078125 0.1203125
8 0.5875 0.87421875 0.08203125 0.10078125