5 0.05234375 0.1375 0.1046875 0.15
5 0.0703125 0.29921875 0.140625 0.1015625
5 0.19375 0.071875 0.190625 0.14375
5 0.378125 0.1953125 0.121875 0.221875
5 0.23203125 0.29921875 0.1265625 0.1015625
8 0.71640625 0.32109375 0.0984375 0.0578125
8 0.47421875 0.3 0.0703125 0.1
8 0.63203125 0.19609375 0.1203125 0.1078125
8 0.5203125 0.0671875 0.084375 0.103125
5 0.071875 0.85546875 0.14375 0.2890625
5 0.21953125 0.515625 0.4390625 0.33125
8 0.93125 0.65625 0.1375 0.259375
8 0.528125 0.5015625 0.0671875 0.1390625
8 0.521875 0.940625 0.134375 0.11875
8 0.459375 0.940625 0.040625 0.11875
8 0.8296875 0.95234375 0.1125 0.0953125
8 0.95625 0.465625 0.0875 0.184375
8 0.84453125 0.378125 0.1421875 0.05625
8 0.7 0.50390625 0.14921875 0.1703125
8 0.53125 0.671875 0.1296875 0.1390625
8 0.7671875 0.6625 0.1078125 0.1203125
8 0.6375 0.72890625 0.08203125 0.10078125
8 0.63515625 0.93046875 0.1203125 0.1390625