6 0.2671875 0.24453125 0.165625 0.1859375
6 0.07109375 0.30546875 0.1421875 0.1453125
6 0.97265625 0.1046875 0.0546875 0.146875
6 0.83671875 0.19296875 0.165625 0.26171875
6 0.5546875 0.1671875 0.1390625 0.209375
6 0.19140625 0.76953125 0.3171875 0.4453125
6 0.275 0.59921875 0.15 0.2796875
6 0.27421875 0.89609375 0.1515625 0.2078125
6 0.746875 0.53515625 0.146875 0.1515625
6 0.471875 0.61953125 0.1296875 0.1609375
6 0.37265625 0.6453125 0.0453125 0.209375
6 0.6359375 0.878125 0.103125 0.24375
6 0.89765625 0.696875 0.2046875 0.240625