8 0.14765625 0.37578125 0.2953125 0.3484375
8 0.31484375 0.21875 0.1484375 0.4375
6 0.60546875 0.3640625 0.4328125 0.36875
6 0.8859375 0.20390625 0.228125 0.1734375
6 0.96171875 0.428125 0.0765625 0.2125
6 0.321875 0.728125 0.0765625 0.0578125
6 0.228125 0.8921875 0.06953125 0.06015625
6 0.06875 0.9671875 0.071875 0.065625
6 0.01796875 0.596875 0.0359375 0.09375
6 0.234375 0.5671875 0.06875 0.034375
6 0.30703125 0.56796875 0.0671875 0.0359375
6 0.36484375 0.82109375 0.0484375 0.0859375
6 0.69453125 0.775 0.6109375 0.45