6 0.37109375 0.07265625 0.2171875 0.1453125
6 0.23984375 0.184375 0.4796875 0.259375
7 0.7671875 0.0984375 0.13203125 0.15625
6 0.31328125 0.66328125 0.3328125 0.3671875
6 0.2546875 0.90625 0.371875 0.1875
6 0.0375 0.7890625 0.075 0.409375
6 0.7515625 0.90390625 0.10078125 0.13203125
6 0.61796875 0.89921875 0.09375 0.1203125
6 0.5640625 0.75859375 0.0984375 0.12265625
6 0.4890625 0.534375 0.01875 0.109375
6 0.93359375 0.78671875 0.0796875 0.13671875
6 0.83359375 0.521875 0.1046875 0.084375
6 0.8390625 0.72890625 0.07421875 0.18515625