8 0.26875 0.42421875 0.3625 0.5890625
8 0.865625 0.15078125 0.26875 0.3015625
8 0.5453125 0.1875 0.190625 0.375
8 0.5296875 0.575 0.159375 0.2875
8 0.82578125 0.521875 0.3484375 0.39375
8 0.0859375 0.859375 0.171875 0.28125
8 0.7890625 0.85390625 0.228125 0.2703125
8 0.79140625 0.978125 0.1421875 0.04375
8 0.51015625 0.89609375 0.1203125 0.1484375
8 0.60234375 0.93359375 0.1109375 0.1328125
8 0.51328125 0.76640625 0.1078125 0.0953125
8 0.4671875 0.79453125 0.034375 0.1015625
8 0.959375 0.86015625 0.08125 0.2359375
8 0.659375 0.7390625 0.153125 0.040625