8 0.075 0.34453125 0.15 0.2390625
8 0.4703125 0.20703125 0.11875 0.1578125
8 0.296875 0.18125 0.178125 0.12265625
8 0.325 0.5109375 0.153125 0.115625
8 0.14765625 0.121875 0.12734375 0.19453125
8 0.76015625 0.3078125 0.4609375 0.521875
8 0.134375 0.65546875 0.103125 0.1734375
8 0.06640625 0.621875 0.1328125 0.10625
8 0.3484375 0.6375 0.125 0.1375
8 0.08359375 0.9296875 0.1171875 0.140625
8 0.02421875 0.94453125 0.0484375 0.1109375
8 0.5671875 0.6359375 0.075 0.134375
8 0.70859375 0.65859375 0.0765625 0.09140625
8 0.78984375 0.875 0.103125 0.1609375
8 0.90625 0.9 0.08671875 0.11328125
8 0.81015625 0.7265625 0.0796875 0.11328125