6 0.2296875 0.25625 0.459375 0.3875
6 0.7296875 0.19453125 0.540625 0.3890625
6 0.2296875 0.7359375 0.459375 0.528125
8 0.5828125 0.5328125 0.115625 0.12734375
8 0.48984375 0.6359375 0.0609375 0.115625
8 0.56328125 0.73828125 0.1390625 0.1421875
8 0.49140625 0.803125 0.0640625 0.115625
8 0.89765625 0.89609375 0.1421875 0.1203125
8 0.95390625 0.74375 0.0921875 0.121875
8 0.7953125 0.5640625 0.06953125 0.06484375
8 0.8640625 0.55703125 0.0578125 0.1203125
8 0.91796875 0.525 0.09375 0.09609375
8 0.6515625 0.46875 0.090625 0.0375