7 0.29921875 0.05078125 0.3203125 0.1015625
7 0.1578125 0.1875 0.315625 0.303125
7 0.28359375 0.53203125 0.3515625 0.2734375
7 0.84296875 0.30234375 0.165625 0.1203125
7 0.58828125 0.2359375 0.16796875 0.1734375
7 0.56640625 0.0859375 0.0765625 0.09140625
7 0.67265625 0.11015625 0.09140625 0.07421875
7 0.82109375 0.17578125 0.06484375 0.07421875
7 0.9734375 0.171875 0.053125 0.11875
7 0.709375 0.5015625 0.1421875 0.1515625
7 0.55546875 0.43671875 0.1703125 0.19453125
7 0.2234375 0.834375 0.446875 0.33125
7 0.82421875 0.81015625 0.3515625 0.2828125