7 0.13046875 0.09296875 0.1890625 0.1859375
7 0.0734375 0.31796875 0.146875 0.1828125
7 0.68046875 0.015625 0.2328125 0.03125
7 0.609375 0.20546875 0.25234375 0.16796875
7 0.94296875 0.1953125 0.1140625 0.1125
7 0.85 0.38671875 0.215625 0.0453125
7 0.44921875 0.38984375 0.2328125 0.0390625
7 0.134375 0.7046875 0.26875 0.590625
7 0.4921875 0.6515625 0.165625 0.11796875
7 0.7578125 0.81875 0.26171875 0.18515625
7 0.6203125 0.92109375 0.19921875 0.12265625
7 0.321875 0.7640625 0.10625 0.084375
7 0.321875 0.58671875 0.10625 0.0984375
7 0.528125 0.45 0.146875 0.08125
7 0.32265625 0.43515625 0.1078125 0.0515625
7 0.725 0.5015625 0.14453125 0.103125