8 0.48125 0.415625 0.09375 0.146875
8 0.24140625 0.40546875 0.1421875 0.1671875
8 0.04140625 0.41328125 0.0828125 0.1515625
8 0.83984375 0.18515625 0.3203125 0.3703125
8 0.05390625 0.603125 0.1078125 0.228125
8 0.40078125 0.56640625 0.3046875 0.1546875
8 0.45234375 0.87265625 0.2578125 0.2546875
8 0.30078125 0.91640625 0.1296875 0.1671875
8 0.09375 0.91640625 0.165625 0.1671875
8 0.9046875 0.64609375 0.1734375 0.16796875
8 0.7453125 0.84609375 0.13125 0.1421875
8 0.9671875 0.8125 0.065625 0.246875