7 0.3546875 0.1 0.709375 0.2
6 0.7890625 0.1 0.159375 0.2
6 0.6046875 0.81328125 0.209375 0.3390625
6 0.4421875 0.30546875 0.26875 0.2109375
6 0.26015625 0.34453125 0.1421875 0.2890625
6 0.48984375 0.4828125 0.16328125 0.2640625
6 0.2890625 0.5515625 0.165625 0.21640625
6 0.1734375 0.6765625 0.196875 0.21171875
6 0.2109375 0.94140625 0.196875 0.1171875
6 0.3734375 0.90234375 0.134375 0.1953125
6 0.403125 0.6890625 0.13203125 0.2765625
6 0.1484375 0.371875 0.18046875 0.259375
7 0.8546875 0.6 0.290625 0.8