8 0.12578125 0.03203125 0.0828125 0.0640625
8 0.0203125 0.028125 0.040625 0.05625
8 0.2125 0.221875 0.0625 0.103125
8 0.27421875 0.221875 0.06953125 0.10546875
8 0.484375 0.03359375 0.05 0.0671875
8 0.11875 0.52265625 0.09609375 0.09609375
8 0.07421875 0.25234375 0.07421875 0.08203125
8 0.0796875 0.134375 0.0625 0.09609375
8 0.146875 0.16796875 0.06953125 0.0796875
8 0.209375 0.071875 0.12734375 0.115625
8 0.14296875 0.37578125 0.103125 0.10078125
8 0.459375 0.2921875 0.1 0.1125
8 0.48359375 0.46640625 0.0515625 0.0984375
8 0.31640625 0.4828125 0.0671875 0.10078125
8 0.259375 0.55859375 0.09609375 0.0796875
8 0.10703125 0.5890625 0.0828125 0.040625
8 0.040625 0.46015625 0.0765625 0.08203125
8 0.00625 0.34140625 0.0125 0.0703125
8 0.01171875 0.1984375 0.0234375 0.128125
8 0.41328125 0.1125 0.05546875 0.09609375
8 0.4 0.20625 0.06484375 0.06484375
8 0.4890625 0.1109375 0.040625 0.059375
8 0.39453125 0.5609375 0.09609375 0.0890625
8 0.41484375 0.39921875 0.06484375 0.0625
8 0.34140625 0.28984375 0.07421875 0.06953125
8 0.225 0.346875 0.08203125 0.09140625
8 0.2078125 0.459375 0.0671875 0.08671875
8 0.7546875 0.3046875 0.490625 0.609375
8 0.1625 0.6515625 0.309375 0.084375
8 0.05 0.86640625 0.1 0.2671875
8 0.3484375 0.865625 0.321875 0.26875
8 0.79375 0.71796875 0.24375 0.2171875