6 0.14140625 0.41953125 0.0796875 0.0796875
6 0.265625 0.28671875 0.084375 0.134375
6 0.346875 0.121875 0.06015625 0.0984375
6 0.5296875 0.128125 0.0578125 0.1078125
6 0.54140625 0.42265625 0.0359375 0.0734375
6 0.41015625 0.42265625 0.0734375 0.0734375
6 0.35546875 0.43515625 0.0640625 0.0484375
6 0.04140625 0.17890625 0.0796875 0.0796875
6 0.18125 0.23125 0.053125 0.1078125
6 0.11875 0.0984375 0.053125 0.06953125
6 0.14921875 0.05078125 0.1078125 0.1015625
6 0.19921875 0.10078125 0.0625 0.06953125
6 0.25546875 0.0765625 0.06484375 0.0984375
6 0.44296875 0.14296875 0.09609375 0.1390625
6 0.39765625 0.284375 0.06953125 0.10078125
6 0.38671875 0.34921875 0.06953125 0.0890625
6 0.47421875 0.290625 0.06484375 0.1109375
6 0.0609375 0.30234375 0.071875 0.10546875
6 0.66015625 0.35390625 0.2015625 0.2109375
6 0.90390625 0.0796875 0.1921875 0.159375
6 0.11640625 0.62578125 0.2328125 0.3328125
6 0.27421875 0.56484375 0.2859375 0.2109375
6 0.5109375 0.78828125 0.096875 0.4234375
6 0.04453125 0.91015625 0.0890625 0.1796875
6 0.7203125 0.7296875 0.321875 0.540625