7 0.17109375 0.07421875 0.3421875 0.1484375
7 0.36171875 0.31796875 0.4546875 0.2234375
7 0.8859375 0.05625 0.228125 0.1125
7 0.76171875 0.21484375 0.2640625 0.21640625
7 0.68125 0.365625 0.184375 0.128125
7 0.94296875 0.21796875 0.1140625 0.2078125
7 0.68984375 0.06640625 0.2015625 0.1328125
7 0.9171875 0.36796875 0.165625 0.1234375
7 0.06640625 0.5890625 0.1328125 0.065625
7 0.22890625 0.57890625 0.209375 0.040625
7 0.3546875 0.95390625 0.1703125 0.0796875
7 0.3515625 0.79921875 0.12734375 0.05546875
7 0.1640625 0.8671875 0.12734375 0.06484375
7 0.0578125 0.74140625 0.115625 0.0578125
7 0.440625 0.88671875 0.15390625 0.0625
7 0.559375 0.7296875 0.059375 0.05625
7 0.61796875 0.59296875 0.0578125 0.1078125
7 0.61328125 0.74609375 0.0484375 0.1140625
7 0.76328125 0.4875 0.15859375 0.0796875
7 0.6421875 0.4765625 0.10625 0.09375
7 0.7 0.75546875 0.15390625 0.10546875
7 0.8 0.90546875 0.1109375 0.0984375
7 0.82578125 0.64609375 0.1421875 0.08671875
7 0.621875 0.9265625 0.065625 0.08125