8 0.015625 0.11484375 0.03125 0.0984375
5 0.6234375 0.1703125 0.446875 0.278125
8 0.103125 0.56328125 0.20625 0.2671875
8 0.3515625 0.57265625 0.096875 0.2953125
8 0.1109375 0.9 0.221875 0.2
8 0.35390625 0.89453125 0.0921875 0.2109375
8 0.56328125 0.93828125 0.3265625 0.1234375
8 0.909375 0.92109375 0.18125 0.1578125
8 0.51953125 0.51171875 0.18046875 0.16796875
8 0.89375 0.39453125 0.146875 0.1703125
8 0.603125 0.84375 0.240625 0.3125
8 0.8265625 0.77421875 0.20703125 0.321875
8 0.95703125 0.7703125 0.0859375 0.178125