6 0.32421875 0.1046875 0.1046875 0.209375
6 0.15078125 0.08515625 0.0859375 0.1703125
6 0.05078125 0.36875 0.1015625 0.08125
6 0.42734375 0.1015625 0.0640625 0.203125
6 0.325 0.240625 0.10546875 0.1390625
6 0.37890625 0.3453125 0.0828125 0.128125
6 0.19453125 0.328125 0.0984375 0.1625
6 0.0828125 0.20390625 0.08671875 0.21875
6 0.22265625 0.078125 0.0671875 0.15625
8 0.63984375 0.25078125 0.3453125 0.3171875
8 0.84140625 0.2046875 0.3171875 0.409375
8 0.22109375 0.5171875 0.4421875 0.215625
8 0.20546875 0.71875 0.18984375 0.259375
8 0.38046875 0.6640625 0.1578125 0.23125
8 0.05 0.68203125 0.1 0.1953125
6 0.49375 0.6140625 0.06875 0.34375
6 0.79375 0.6703125 0.4125 0.521875
6 0.603125 0.88203125 0.228125 0.2359375
6 0.54453125 0.50546875 0.1703125 0.1921875