6 0.184375 0.228125 0.36875 0.403125
6 0.65234375 0.1765625 0.18515625 0.20703125
6 0.45390625 0.27890625 0.1703125 0.3015625
6 0.4796875 0.38828125 0.16875 0.0828125
6 0.8171875 0.321875 0.125 0.215625
6 0.71796875 0.0171875 0.1078125 0.034375
6 0.52890625 0.0203125 0.1953125 0.040625
6 0.48203125 0.0546875 0.1203125 0.109375
6 0.9703125 0.175 0.059375 0.190625
6 0.184375 0.71484375 0.36875 0.5703125
6 0.66640625 0.61640625 0.11796875 0.15859375
6 0.71484375 0.45078125 0.1171875 0.0421875
6 0.85546875 0.4609375 0.0828125 0.0625
6 0.63984375 0.796875 0.11796875 0.165625
6 0.39609375 0.834375 0.0546875 0.184375
6 0.45390625 0.6140625 0.09609375 0.115625
6 0.43046875 0.4671875 0.1140625 0.075
6 0.91171875 0.634375 0.084375 0.09375
6 0.80625 0.69375 0.0890625 0.13671875
6 0.75390625 0.7859375 0.06484375 0.1296875
6 0.95390625 0.87890625 0.09140625 0.103125
6 0.975 0.9796875 0.05 0.040625
6 0.5171875 0.7390625 0.09375 0.08671875
6 0.5484375 0.56953125 0.08671875 0.12734375
6 0.5328125 0.89296875 0.071875 0.08671875