6 0.41953125 0.0484375 0.08671875 0.08671875
6 0.4765625 0.12734375 0.084375 0.1140625
6 0.47109375 0.29921875 0.0953125 0.0921875
6 0.3734375 0.2875 0.06484375 0.07421875
6 0.27890625 0.25546875 0.0625 0.12265625
6 0.2078125 0.27578125 0.08203125 0.09140625
6 0.17265625 0.08125 0.08671875 0.1296875
6 0.1 0.05 0.128125 0.1
6 0.40625 0.421875 0.146875 0.075
6 0.31484375 0.4109375 0.0859375 0.096875
6 0.26796875 0.3515625 0.06953125 0.103125
6 0.2125 0.36015625 0.0578125 0.1390625
6 0.13828125 0.325 0.09375 0.0984375
6 0.3171875 0.01640625 0.06875 0.0328125
8 0.88671875 0.30703125 0.1453125 0.3046875
8 0.5921875 0.384375 0.146875 0.15
8 0.771875 0.0328125 0.178125 0.065625
6 0.259375 0.7296875 0.51875 0.540625