8 0.31875 0.14453125 0.08671875 0.2046875
8 0.18203125 0.03515625 0.0828125 0.0703125
8 0.2796875 0.48828125 0.128125 0.1609375
8 0.43515625 0.02890625 0.0671875 0.0578125
5 0.75703125 0.12421875 0.2234375 0.14921875
5 0.821875 0.3296875 0.165625 0.18984375
5 0.80859375 0.503125 0.1109375 0.13125
5 0.62734375 0.521875 0.1796875 0.09375
5 0.5109375 0.41796875 0.084375 0.2015625
5 0.56328125 0.2765625 0.134375 0.16796875
5 0.52265625 0.0453125 0.1078125 0.090625
5 0.93125 0.06484375 0.1375 0.1296875
5 0.96640625 0.3625 0.0671875 0.25625
5 0.93359375 0.55078125 0.1328125 0.0359375
8 0.234375 0.784375 0.46875 0.43125
8 0.6796875 0.78984375 0.421875 0.4203125