8 0.403125 0.03671875 0.275 0.0734375
8 0.60859375 0.37890625 0.1015625 0.1421875
5 0.8765625 0.10546875 0.190625 0.2109375
5 0.71171875 0.10546875 0.0953125 0.2109375
8 0.41796875 0.5734375 0.0984375 0.115625
8 0.3328125 0.76875 0.1078125 0.14453125
8 0.4984375 0.7328125 0.06953125 0.1078125
8 0.16171875 0.53671875 0.0984375 0.125
8 0.33359375 0.46171875 0.1203125 0.0234375
8 0.625 0.85234375 0.06875 0.1078125
8 0.62421875 0.671875 0.0703125 0.14375
8 0.06875 0.95625 0.08125 0.0875
8 0.15234375 0.796875 0.0765625 0.10078125
8 0.22890625 0.94765625 0.1203125 0.1046875
5 0.8296875 0.72265625 0.340625 0.5453125