5 0.1546875 0.3046875 0.309375 0.609375
8 0.5625 0.2953125 0.1078125 0.12265625
8 0.8703125 0.28125 0.09140625 0.12734375
8 0.4328125 0.5125 0.190625 0.19375
8 0.56953125 0.53515625 0.09375 0.12265625
8 0.7765625 0.50234375 0.103125 0.1515625
8 0.6140625 0.1890625 0.103125 0.10546875
8 0.83125 0.18046875 0.178125 0.1109375
8 0.97265625 0.4703125 0.0546875 0.18125
5 0.2421875 0.8046875 0.134375 0.390625
5 0.1546875 0.8046875 0.309375 0.390625
8 0.63984375 0.778125 0.19921875 0.24765625
8 0.9484375 0.74921875 0.103125 0.1984375
8 0.3828125 0.7625 0.146875 0.12734375