5 0.42109375 0.234375 0.1171875 0.46875
5 0.11328125 0.234375 0.2265625 0.46875
5 0.71328125 0.234375 0.4671875 0.46875
5 0.4109375 0.65859375 0.1375 0.1703125
5 0.36171875 0.85859375 0.13203125 0.12734375
5 0.0640625 0.71015625 0.09375 0.18984375
5 0.18671875 0.7671875 0.0671875 0.1609375
5 0.2265625 0.9421875 0.065625 0.115625
5 0.2265625 0.5203125 0.096875 0.103125
5 0.37421875 0.490625 0.0671875 0.04375
5 0.08203125 0.53828125 0.0703125 0.1390625
5 0.059375 0.896875 0.0671875 0.14453125
5 0.73984375 0.734375 0.5203125 0.53125