6 0.19453125 0.19140625 0.3890625 0.3828125
6 0.63359375 0.275 0.22578125 0.22578125
6 0.875 0.35390625 0.196875 0.0921875
6 0.475 0.34453125 0.171875 0.1109375
6 0.2328125 0.49609375 0.165625 0.1921875
6 0.34765625 0.578125 0.0828125 0.35625
6 0.1078125 0.76640625 0.1296875 0.15859375
6 0.01640625 0.7921875 0.0328125 0.20625
6 0.2703125 0.9515625 0.1 0.096875
6 0.653125 0.49140625 0.225 0.1828125
6 0.89375 0.64921875 0.2125 0.4984375
6 0.85546875 0.86328125 0.2390625 0.2734375
6 0.721875 0.8875 0.315625 0.225
6 0.59453125 0.76484375 0.2765625 0.4703125
6 0.42890625 0.81875 0.0796875 0.3625