7 0.284375 0.2796875 0.56875 0.559375
7 0.840625 0.1140625 0.31875 0.228125
7 0.62421875 0.4265625 0.1109375 0.265625
7 0.85546875 0.46640625 0.2890625 0.1859375
7 0.43671875 0.62265625 0.1328125 0.1265625
7 0.29375 0.67421875 0.10546875 0.13671875
7 0.0796875 0.6859375 0.06484375 0.14921875
7 0.55078125 0.61171875 0.0359375 0.1046875
7 0.9609375 0.628125 0.078125 0.134375
7 0.9640625 0.846875 0.071875 0.228125
7 0.83046875 0.59609375 0.1578125 0.0734375
7 0.65859375 0.66328125 0.1265625 0.2078125