6 0.328125 0.23125 0.421875 0.4625
6 0.61484375 0.265625 0.14453125 0.115625
6 0.89140625 0.16796875 0.13203125 0.0984375
6 0.9671875 0.1328125 0.065625 0.2125
6 0.73671875 0.209375 0.13671875 0.1296875
6 0.56796875 0.10390625 0.0578125 0.1640625
6 0.209375 0.7109375 0.290625 0.303125
6 0.4546875 0.7359375 0.16875 0.353125
6 0.58359375 0.85546875 0.0890625 0.2640625
6 0.69453125 0.6953125 0.1578125 0.271875
6 0.8828125 0.74375 0.1921875 0.2046875
6 0.8859375 0.93046875 0.228125 0.1390625
6 0.98203125 0.85625 0.0359375 0.178125
6 0.57265625 0.6796875 0.0671875 0.196875
6 0.97578125 0.66796875 0.0484375 0.1828125