8 0.90234375 0.31953125 0.12265625 0.1921875
8 0.9875 0.38828125 0.025 0.1609375
8 0.9640625 0.47421875 0.071875 0.0703125
8 0.80390625 0.47421875 0.1484375 0.0703125
8 0.75546875 0.421875 0.1078125 0.12734375
8 0.58046875 0.38671875 0.1421875 0.2328125
8 0.8890625 0.16171875 0.14453125 0.15625
8 0.76015625 0.11015625 0.09140625 0.18515625
8 0.64140625 0.0984375 0.1453125 0.196875
8 0.01640625 0.62265625 0.0328125 0.1265625
8 0.09921875 0.634375 0.08671875 0.06953125
8 0.0640625 0.78671875 0.0625 0.103125
8 0.27578125 0.7546875 0.06953125 0.06953125
8 0.44609375 0.8015625 0.0625 0.0890625
8 0.39921875 0.6171875 0.09140625 0.115625
8 0.58125 0.80234375 0.0453125 0.0484375
8 0.90546875 0.86484375 0.071875 0.0765625
8 0.9125 0.72421875 0.040625 0.0484375
8 0.61796875 0.94765625 0.03828125 0.04296875
8 0.634375 0.98359375 0.034375 0.0328125
8 0.5703125 0.71015625 0.0453125 0.04296875