6 0.44375 0.07734375 0.071875 0.1546875
6 0.27734375 0.12265625 0.1734375 0.146875
6 0.0421875 0.3859375 0.084375 0.165625
6 0.1890625 0.51328125 0.209375 0.1328125
6 0.13203125 0.040625 0.2640625 0.08125
6 0.55 0.375 0.140625 0.409375
6 0.78984375 0.3984375 0.3109375 0.3625
6 0.6984375 0.13359375 0.3375 0.2671875
6 0.23984375 0.78984375 0.4796875 0.4203125
6 0.78671875 0.70078125 0.12265625 0.11328125
6 0.5578125 0.81484375 0.134375 0.11328125
6 0.6328125 0.98125 0.11875 0.0375
6 0.7375 0.97578125 0.10625 0.0484375
6 0.925 0.87265625 0.09140625 0.07421875