8 0.2296875 0.2046875 0.459375 0.409375
8 0.53671875 0.35625 0.03828125 0.0359375
8 0.18203125 0.69140625 0.24296875 0.3171875
8 0.10390625 0.55234375 0.2078125 0.2859375
8 0.05 0.8140625 0.1 0.334375
8 0.73984375 0.73359375 0.13671875 0.2765625
8 0.47578125 0.5375 0.0328125 0.25625
8 0.49140625 0.80625 0.0640625 0.378125
8 0.59609375 0.83828125 0.1109375 0.2015625
8 0.54375 0.5328125 0.12265625 0.1390625
8 0.66796875 0.5984375 0.1078125 0.1703125
8 0.68984375 0.49375 0.1421875 0.16875
8 0.60390625 0.4328125 0.1296875 0.046875
8 0.890625 0.48828125 0.10625 0.1578125
8 0.90234375 0.95078125 0.0890625 0.0984375