8 0.16484375 0.2703125 0.3296875 0.378125
8 0.92734375 0.18515625 0.1453125 0.3703125
8 0.76953125 0.27109375 0.2609375 0.3765625
8 0.1578125 0.5375 0.315625 0.15625
8 0.146875 0.85703125 0.29375 0.2859375
8 0.9265625 0.76484375 0.12734375 0.21875
8 0.67421875 0.65 0.09609375 0.209375
8 0.41640625 0.51328125 0.0765625 0.1078125
8 0.7796875 0.4875 0.128125 0.05625
8 0.36015625 0.66796875 0.0609375 0.1453125
8 0.4234375 0.7390625 0.13203125 0.19453125
8 0.5375 0.9015625 0.0875 0.196875
8 0.359375 0.96328125 0.059375 0.0734375
8 0.34375 0.5671875 0.028125 0.15625
8 0.94140625 0.5 0.1046875 0.08125
8 0.790625 0.85625 0.0984375 0.1828125
8 0.99140625 0.70234375 0.0171875 0.1203125
8 0.953125 0.628125 0.09375 0.153125
8 0.8140625 0.69140625 0.09140625 0.134375
8 0.62421875 0.4875 0.1265625 0.05625
8 0.5828125 0.61640625 0.06015625 0.103125
8 0.56171875 0.68671875 0.11796875 0.1609375