6 0.078125 0.35859375 0.15625 0.2984375
6 0.0671875 0.13125 0.134375 0.2625
6 0.22890625 0.109375 0.2203125 0.21875
6 0.30078125 0.57109375 0.2359375 0.1359375
6 0.35234375 0.4171875 0.15859375 0.26953125
6 0.21171875 0.35234375 0.1421875 0.3484375
6 0.6953125 0.321875 0.209375 0.2640625
6 0.8671875 0.15859375 0.15859375 0.27890625
6 0.97890625 0.20859375 0.0421875 0.2046875
6 0.85390625 0.58046875 0.2390625 0.1171875
6 0.6546875 0.59453125 0.1625 0.0890625
6 0.54375 0.52265625 0.209375 0.2328125
6 0.971875 0.47578125 0.05625 0.2984375
6 0.66875 0.053125 0.209375 0.10625
6 0.690625 0.1453125 0.17578125 0.196875
6 0.53671875 0.10234375 0.1953125 0.2046875
6 0.55 0.290625 0.221875 0.25
6 0.26875 0.8359375 0.340625 0.328125
6 0.71953125 0.81953125 0.5609375 0.3609375