7 0.41953125 0.39140625 0.165625 0.1203125
7 0.16484375 0.325 0.16796875 0.1734375
7 0.14296875 0.175 0.0765625 0.09140625
7 0.24921875 0.19921875 0.09140625 0.07421875
7 0.39765625 0.26484375 0.06484375 0.07421875
7 0.56875 0.26171875 0.0890625 0.11796875
7 0.28515625 0.54140625 0.1421875 0.0546875
7 0.13203125 0.4984375 0.1703125 0.140625
7 0.840625 0.34453125 0.06484375 0.15625
7 0.91640625 0.4171875 0.05546875 0.09140625
6 0.86796875 0.88046875 0.1734375 0.2390625
6 0.971875 0.66484375 0.05625 0.1921875
6 0.7609375 0.928125 0.103125 0.14375
6 0.884375 0.62578125 0.084375 0.1140625