5 0.24453125 0.340625 0.4890625 0.68125
5 0.75078125 0.12578125 0.20703125 0.1515625
5 0.5515625 0.1296875 0.125 0.1875
5 0.515625 0.39296875 0.053125 0.1734375
5 0.61484375 0.57890625 0.165625 0.2234375
5 0.94765625 0.35546875 0.1046875 0.1109375
5 0.89453125 0.08125 0.2109375 0.1625
5 0.809375 0.34375 0.15390625 0.19453125
5 0.9046875 0.58515625 0.14921875 0.12265625
5 0.5265625 0.05625 0.075 0.1125
5 0.7796875 0.528125 0.13671875 0.14453125
5 0.84609375 0.7140625 0.1265625 0.071875
5 0.43046875 0.875 0.1171875 0.25
5 0.74140625 0.875 0.5046875 0.25