8 0.1453125 0.05859375 0.125 0.1171875
8 0.66484375 0.134375 0.6703125 0.26875
8 0.3046875 0.93359375 0.05 0.1328125
8 0.28984375 0.5875 0.0796875 0.28125
8 0.16796875 0.66875 0.165625 0.209375
8 0.20234375 0.82421875 0.17578125 0.15859375
5 0.65390625 0.3171875 0.2234375 0.096875
5 0.71875 0.496875 0.165625 0.18984375
5 0.70625 0.6890625 0.1109375 0.16796875
5 0.525 0.74453125 0.18046875 0.2046875
5 0.39296875 0.5859375 0.115625 0.2015625
5 0.35 0.3953125 0.040625 0.196875
5 0.46015625 0.44375 0.134375 0.16796875
5 0.96171875 0.81328125 0.0765625 0.2328125
5 0.89375 0.53046875 0.12734375 0.25703125
5 0.7625 0.92578125 0.1375 0.1484375
5 0.36796875 0.8859375 0.0765625 0.228125
5 0.83515625 0.75390625 0.1421875 0.1078125
5 0.978125 0.59921875 0.04375 0.1421875