7 0.03828125 0.20703125 0.0671875 0.12734375
7 0.378125 0.25703125 0.11796875 0.12265625
7 0.3765625 0.45625 0.425 0.046875
7 0.79453125 0.259375 0.4109375 0.440625
7 0.49921875 0.80078125 0.16328125 0.228125
7 0.228125 0.80078125 0.19453125 0.23828125
7 0.284375 0.6046875 0.178125 0.25
7 0.07578125 0.7875 0.1515625 0.2625
7 0.04140625 0.9453125 0.0828125 0.109375
7 0.13984375 0.94375 0.1703125 0.1125
7 0.28515625 0.93828125 0.1453125 0.1234375
7 0.53359375 0.93984375 0.1109375 0.1203125
7 0.5328125 0.596875 0.1125 0.234375
7 0.57421875 0.7921875 0.0296875 0.275
7 0.0390625 0.5890625 0.078125 0.21875
7 0.79453125 0.73984375 0.4109375 0.5203125