6 0.42578125 0.271875 0.2078125 0.29375
6 0.7671875 0.0515625 0.15625 0.103125
6 0.88671875 0.22578125 0.22109375 0.19453125
6 0.93671875 0.04453125 0.1265625 0.0890625
6 0.628125 0.30625 0.196875 0.225
6 0.62734375 0.10234375 0.1953125 0.2046875
6 0.26484375 0.709375 0.5296875 0.58125
6 0.74140625 0.4765625 0.2078125 0.115625
6 0.56953125 0.6421875 0.0796875 0.23125
6 0.66953125 0.92109375 0.1984375 0.1578125
6 0.84921875 0.66640625 0.2140625 0.165625
6 0.9265625 0.74296875 0.146875 0.2359375
6 0.89296875 0.51328125 0.2140625 0.1890625