8 0.25 0.15859375 0.15390625 0.15625
8 0.29375 0.44453125 0.14375 0.0890625
8 0.41171875 0.27109375 0.1140625 0.0953125
8 0.29765625 0.03828125 0.1328125 0.0765625
8 0.44453125 0.06328125 0.0484375 0.1171875
8 0.734375 0.21796875 0.53125 0.4359375
8 0.0875 0.61640625 0.08203125 0.115625
8 0.17265625 0.83046875 0.0625 0.10078125
8 0.234375 0.83046875 0.06953125 0.10546875
8 0.44375 0.62109375 0.05 0.1109375
8 0.03671875 0.86015625 0.071875 0.08203125
8 0.04140625 0.74375 0.06015625 0.09609375
8 0.1078125 0.77578125 0.06953125 0.0796875
8 0.1703125 0.68125 0.12734375 0.115625
8 0.103125 0.965625 0.103125 0.06875
8 0.03515625 0.5203125 0.0703125 0.0625
8 0.26015625 0.5609375 0.0625 0.06953125
8 0.41875 0.89921875 0.1 0.1109375
8 0.1109375 0.52265625 0.084375 0.0671875
8 0.328125 0.51796875 0.0625 0.0578125
8 0.371875 0.721875 0.05546875 0.09609375
8 0.359375 0.81484375 0.06484375 0.06484375
8 0.44765625 0.72109375 0.0421875 0.0578125
8 0.37265625 0.98671875 0.0640625 0.0265625
8 0.3 0.89609375 0.071875 0.06953125
8 0.184375 0.95390625 0.0796875 0.0890625
8 0.9 0.6625 0.18046875 0.3296875
8 0.74765625 0.75 0.11328125 0.2984375
8 0.725 0.95078125 0.15 0.0984375
8 0.9265625 0.925 0.146875 0.15