6 0.23984375 0.26484375 0.4796875 0.5296875
6 0.73984375 0.19921875 0.5203125 0.3984375
6 0.290625 0.76015625 0.378125 0.4609375
6 0.03203125 0.871875 0.0640625 0.25625
6 0.1421875 0.9609375 0.1625 0.078125
6 0.9375 0.909375 0.125 0.18125
6 0.753125 0.70078125 0.1109375 0.2640625
6 0.5734375 0.66953125 0.0890625 0.24296875
6 0.89140625 0.7078125 0.12734375 0.2359375
6 0.753125 0.865625 0.1109375 0.14453125
6 0.809375 0.95390625 0.0875 0.0921875
6 0.6171875 0.93515625 0.103125 0.1296875
6 0.51328125 0.8265625 0.0671875 0.225
6 0.90859375 0.578125 0.0734375 0.096875
6 0.646875 0.684375 0.06953125 0.18984375