6 0.17265625 0.46171875 0.2140625 0.2359375
6 0.28828125 0.26328125 0.16796875 0.31484375
6 0.41328125 0.40390625 0.146875 0.165625
6 0.440625 0.19609375 0.10546875 0.31484375
6 0.103125 0.36328125 0.196875 0.2984375
6 0.55859375 0.39453125 0.1171875 0.3703125
6 0.9296875 0.0640625 0.140625 0.128125
6 0.8890625 0.41796875 0.221875 0.2296875
6 0.6328125 0.096875 0.265625 0.19375
8 0.459375 0.7640625 0.08125 0.103125
8 0.36953125 0.7390625 0.103125 0.12734375
8 0.2828125 0.853125 0.115625 0.12265625
6 0.75 0.78984375 0.5 0.4203125