6 0.24609375 0.18984375 0.11796875 0.15859375
6 0.29453125 0.02265625 0.1171875 0.0453125
6 0.43515625 0.0328125 0.0828125 0.065625
6 0.21875 0.353125 0.11875 0.13125
6 0.040625 0.1875 0.08125 0.115625
6 0.03359375 0.0390625 0.0671875 0.078125
6 0.49140625 0.2078125 0.084375 0.09375
6 0.3859375 0.2671875 0.0890625 0.13671875
6 0.3328125 0.35625 0.065625 0.125
6 0.096875 0.3125 0.09375 0.08671875
6 0.128125 0.14296875 0.08671875 0.12734375
6 0.75703125 0.23125 0.4359375 0.375
8 0.09140625 0.84375 0.1828125 0.3125
8 0.25859375 0.93359375 0.2359375 0.1328125
6 0.9109375 0.71328125 0.13671875 0.0890625
6 0.7453125 0.44453125 0.14375 0.0515625
6 0.74765625 0.57421875 0.0796875 0.084375
6 0.69375 0.7703125 0.1515625 0.08671875
6 0.56328125 0.70546875 0.0484375 0.0859375