6 0.33359375 0.0328125 0.0546875 0.065625
6 0.3328125 0.21328125 0.06484375 0.1421875
6 0.2359375 0.34296875 0.10546875 0.11796875
6 0.18203125 0.5015625 0.1109375 0.115625
6 0.4828125 0.4296875 0.034375 0.103125
6 0.146875 0.19609375 0.0765625 0.08203125
6 0.615625 0.1234375 0.23125 0.246875
6 0.875 0.109375 0.25 0.21875
6 0.79609375 0.51953125 0.2640625 0.0796875
6 0.67578125 0.44921875 0.2328125 0.2203125
6 0.5984375 0.33828125 0.196875 0.1578125
6 0.759375 0.31171875 0.12734375 0.2015625
6 0.8703125 0.296875 0.14921875 0.115625
6 0.95703125 0.36015625 0.0859375 0.1484375
6 0.25 0.7796875 0.5 0.440625
6 0.8734375 0.7265625 0.253125 0.228125
6 0.66484375 0.95546875 0.3296875 0.0890625