6 0.07109375 0.046875 0.1421875 0.09375
6 0.26953125 0.0328125 0.2359375 0.065625
6 0.46875 0.04921875 0.134375 0.0984375
6 0.06796875 0.196875 0.1359375 0.134375
6 0.26015625 0.203125 0.21171875 0.18984375
6 0.46328125 0.24609375 0.1921875 0.2078125
6 0.0625 0.31875 0.125 0.0625
6 0.25078125 0.33359375 0.2265625 0.0328125
6 0.74609375 0.11484375 0.3734375 0.2296875
6 0.715625 0.2234375 0.3125 0.253125
6 0.89765625 0.1703125 0.2046875 0.325
6 0.2125 0.678125 0.425 0.64375
6 0.8859375 0.515625 0.2140625 0.2359375
6 0.59765625 0.490625 0.0765625 0.21875
6 0.6328125 0.61171875 0.1390625 0.1828125
6 0.66171875 0.73125 0.2046875 0.25625