7 0.26953125 0.26484375 0.5390625 0.5296875
6 0.75234375 0.16171875 0.13203125 0.22109375
6 0.81171875 0.05625 0.1046875 0.1125
6 0.9828125 0.20625 0.034375 0.146875
6 0.84609375 0.45859375 0.1296875 0.1421875
6 0.971875 0.41796875 0.05625 0.1484375
6 0.56640625 0.33125 0.0546875 0.15625
6 0.56640625 0.4796875 0.0546875 0.1
6 0.6484375 0.184375 0.14453125 0.2046875
6 0.70625 0.04453125 0.134375 0.0890625
6 0.934375 0.159375 0.0796875 0.1515625
7 0.26953125 0.6390625 0.5390625 0.21875
7 0.15078125 0.9328125 0.3015625 0.134375
7 0.41875 0.9734375 0.209375 0.053125