6 0.090625 0.53671875 0.18125 0.1640625
6 0.21484375 0.4890625 0.2703125 0.259375
6 0.309375 0.16015625 0.08125 0.1109375
6 0.73828125 0.11796875 0.20703125 0.165625
6 0.5296875 0.16484375 0.1515625 0.18984375
6 0.37109375 0.0828125 0.0421875 0.165625
6 0.94921875 0.01796875 0.1015625 0.0359375
6 0.98671875 0.19375 0.0265625 0.146875
6 0.13671875 0.91796875 0.2640625 0.1640625
6 0.06640625 0.82578125 0.1328125 0.2609375
6 0.09921875 0.69375 0.1265625 0.15
6 0.21015625 0.66484375 0.1484375 0.0921875
6 0.30234375 0.71640625 0.0953125 0.1484375
6 0.41796875 0.80234375 0.1359375 0.2578125
6 0.55390625 0.7765625 0.1671875 0.315625
6 0.54140625 0.6421875 0.1484375 0.046875
6 0.44453125 0.6921875 0.1078125 0.146875