6 0.10234375 0.0640625 0.2046875 0.128125
6 0.10390625 0.26015625 0.2078125 0.1453125
6 0.153125 0.50625 0.30625 0.09375
6 0.365625 0.3109375 0.27421875 0.12734375
6 0.621875 0.1125 0.14375 0.225
6 0.371875 0.97890625 0.11875 0.0421875
6 0.421875 0.8421875 0.11796875 0.103125
6 0.53515625 0.8453125 0.0296875 0.1375
6 0.053125 0.75 0.08203125 0.134375
6 0.1375 0.85 0.11328125 0.15390625
6 0.09453125 0.64375 0.0796875 0.05
6 0.45859375 0.646875 0.0703125 0.05625
6 0.52578125 0.66796875 0.0484375 0.0984375
6 0.25390625 0.96328125 0.0859375 0.0734375
6 0.25625 0.7296875 0.1078125 0.1109375
6 0.34296875 0.7296875 0.0671875 0.146875
6 0.7421875 0.79921875 0.384375 0.3609375
6 0.9421875 0.6703125 0.115625 0.103125