7 0.1921875 0.17109375 0.103125 0.209375
7 0.29453125 0.25703125 0.0640625 0.1453125
6 0.90234375 0.15390625 0.11796875 0.23046875
7 0.225 0.66484375 0.45 0.6703125
7 0.5703125 0.48203125 0.18984375 0.06484375
7 0.76015625 0.47109375 0.209375 0.040625
7 0.8859375 0.84609375 0.1703125 0.0796875
7 0.8828125 0.69140625 0.12734375 0.05546875
7 0.6953125 0.759375 0.12734375 0.06484375
7 0.57734375 0.634375 0.1390625 0.0578125
7 0.46640625 0.6015625 0.0328125 0.053125
7 0.946875 0.778125 0.10625 0.0625