8 0.69609375 0.28828125 0.2078125 0.4421875
8 0.89609375 0.12421875 0.1796875 0.2484375
8 0.9484375 0.45 0.103125 0.11875
8 0.36640625 0.20078125 0.0734375 0.3984375
8 0.16484375 0.63125 0.3296875 0.24375
8 0.6875 0.621875 0.1203125 0.1921875
8 0.5578125 0.69140625 0.11328125 0.15859375
8 0.61171875 0.83203125 0.10078125 0.18046875
8 0.7390625 0.93984375 0.159375 0.1203125
8 0.78359375 0.83203125 0.146875 0.18046875
8 0.8328125 0.7234375 0.1078125 0.125
8 0.96875 0.68671875 0.0625 0.2234375
8 0.9390625 0.9578125 0.121875 0.084375
8 0.3671875 0.9765625 0.075 0.046875
8 0.3734375 0.77578125 0.0875 0.1984375
8 0.70078125 0.5265625 0.1421875 0.034375