8 0.1890625 0.0375 0.20625 0.075
8 0.16328125 0.546875 0.1953125 0.24375
8 0.3296875 0.546875 0.1 0.24375
8 0.3578125 0.2328125 0.04375 0.29375
8 0.1859375 0.2390625 0.24765625 0.31015625
8 0.6890625 0.45546875 0.2 0.4265625
8 0.4984375 0.284375 0.1734375 0.26171875
8 0.43828125 0.61015625 0.1171875 0.1171875
8 0.940625 0.07421875 0.11875 0.1484375
8 0.7828125 0.04453125 0.2 0.0890625
8 0.984375 0.36875 0.03125 0.384375
5 0.315625 0.87734375 0.128125 0.2453125
5 0.70234375 0.76953125 0.5953125 0.2015625