8 0.03828125 0.06328125 0.0765625 0.1265625
8 0.290625 0.21796875 0.2640625 0.2453125
8 0.39375 0.03984375 0.1125 0.0796875
8 0.3125 0.07265625 0.1390625 0.12265625
8 0.41953125 0.1890625 0.0609375 0.1875
8 0.7890625 0.43125 0.271875 0.2375
8 0.78671875 0.11640625 0.2234375 0.2328125
8 0.53046875 0.38828125 0.1609375 0.3234375
8 0.6015625 0.08515625 0.16875 0.1703125
8 0.38671875 0.775 0.1265625 0.45
8 0.63984375 0.87578125 0.1796875 0.2484375
8 0.934375 0.61328125 0.13125 0.1265625
8 0.81875 0.59375 0.1125 0.0875
8 0.81328125 0.93828125 0.1359375 0.1234375
8 0.903125 0.878125 0.09609375 0.178125
8 0.6515625 0.69140625 0.103125 0.18515625
8 0.53203125 0.590625 0.1421875 0.08125
8 0.47890625 0.88671875 0.0578125 0.1203125
8 0.9359375 0.9828125 0.0875 0.034375