8 0.32421875 0.44140625 0.0515625 0.0359375
8 0.7078125 0.44296875 0.153125 0.0328125
8 0.64296875 0.2703125 0.16796875 0.240625
8 0.92109375 0.06953125 0.1421875 0.1390625
8 0.971875 0.3734375 0.05625 0.171875
8 0.79375 0.5609375 0.14375 0.203125
8 0.475 0.48359375 0.115625 0.0484375
8 0.396875 0.62421875 0.09375 0.1890625
8 0.52421875 0.76640625 0.11796875 0.09609375
8 0.5734375 0.89140625 0.14453125 0.14453125
8 0.74765625 0.93046875 0.146875 0.13203125
8 0.603125 0.71640625 0.12265625 0.1609375
8 0.5140625 0.6359375 0.115625 0.165625