6 0.375 0.2859375 0.32421875 0.3609375
6 0.109375 0.396875 0.21875 0.284375
6 0.06640625 0.03984375 0.1328125 0.0796875
6 0.58203125 0.1609375 0.0859375 0.2
6 0.978125 0.10859375 0.04375 0.1390625
6 0.928125 0.4265625 0.14375 0.221875
6 0.678125 0.0484375 0.103125 0.096875
6 0.76484375 0.06796875 0.0734375 0.1359375
6 0.74140625 0.31015625 0.09609375 0.19453125
6 0.85859375 0.2484375 0.1203125 0.14453125
6 0.55859375 0.4125 0.0390625 0.20625
6 0.6109375 0.3796875 0.1078125 0.15625
6 0.471875 0.7703125 0.134375 0.459375
6 0.1578125 0.86484375 0.0625 0.2703125
6 0.65703125 0.8078125 0.2359375 0.36875
6 0.85234375 0.64765625 0.25234375 0.1734375
6 0.93828125 0.871875 0.1234375 0.2125