8 0.665625 0.196875 0.10625 0.084375
8 0.2875 0.28828125 0.07421875 0.0890625
8 0.2078125 0.228125 0.10546875 0.115625
8 0.296875 0.184375 0.084375 0.1109375
8 0.365625 0.16640625 0.07421875 0.08203125
8 0.375 0.2484375 0.10078125 0.07421875
8 0.46171875 0.30859375 0.084375 0.10078125
8 0.140625 0.35859375 0.06484375 0.07421875
8 0.05078125 0.34921875 0.0796875 0.1015625
8 0.125 0.28046875 0.0671875 0.0625
8 0.23046875 0.37421875 0.1046875 0.0515625
8 0.3515625 0.38125 0.090625 0.0375
8 0.675 0.38828125 0.0875 0.0234375
8 0.6546875 0.290625 0.128125 0.0625
8 0.6953125 0.33359375 0.046875 0.0796875
8 0.61796875 0.35625 0.10078125 0.0796875
5 0.8125 0.2359375 0.1875 0.328125
5 0.45390625 0.7 0.5296875 0.6
8 0.859375 0.69921875 0.28125 0.5984375