6 0.0703125 0.121875 0.140625 0.24375
6 0.26328125 0.08046875 0.2484375 0.1609375
6 0.10078125 0.33359375 0.2015625 0.2109375
6 0.434375 0.1546875 0.146875 0.14453125
6 0.5296875 0.1703125 0.040625 0.321875
6 0.625 0.21875 0.15 0.4375
6 0.8765625 0.30625 0.246875 0.265625
6 0.85859375 0.0984375 0.2828125 0.196875
6 0.39296875 0.4578125 0.1859375 0.0375
6 0.171875 0.47734375 0.16875 0.0765625
6 0.45078125 0.70078125 0.1984375 0.1953125
6 0.09296875 0.8578125 0.1859375 0.19375
6 0.775 0.8328125 0.45 0.334375
6 0.6828125 0.62578125 0.265625 0.3734375