6 0.21953125 0.2 0.4390625 0.4
6 0.72109375 0.21796875 0.5453125 0.3640625
6 0.0796875 0.709375 0.159375 0.209375
6 0.2546875 0.97734375 0.240625 0.0453125
6 0.33828125 0.875 0.2015625 0.215625
6 0.65234375 0.9578125 0.2671875 0.084375
6 0.7515625 0.62421875 0.2140625 0.15859375
6 0.58984375 0.659375 0.20703125 0.178125
6 0.70390625 0.7859375 0.21875 0.2640625
6 0.875 0.90390625 0.25 0.1921875
6 0.86953125 0.75703125 0.15859375 0.1921875
6 0.4734375 0.68046875 0.06875 0.2109375
6 0.4765625 0.72109375 0.075 0.1421875