6 0.4953125 0.24609375 0.22109375 0.22578125
6 0.78125 0.1125 0.165625 0.21171875
6 0.9171875 0.2046875 0.165625 0.353125
6 0.94921875 0.3453125 0.1015625 0.175
6 0.96796875 0.440625 0.0640625 0.21875
6 0.37734375 0.0515625 0.1359375 0.103125
6 0.3296875 0.2859375 0.040625 0.315625
6 0.44375 0.42265625 0.26875 0.2546875
6 0.75703125 0.315625 0.1875 0.22109375
6 0.1296875 0.809375 0.259375 0.38125
6 0.1546875 0.95859375 0.309375 0.0828125
6 0.2828125 0.7296875 0.053125 0.359375
7 0.6546875 0.775 0.690625 0.45