8 0.20703125 0.228125 0.11328125 0.0984375
8 0.1296875 0.2859375 0.125 0.1296875
8 0.43046875 0.4609375 0.1359375 0.178125
8 0.50390625 0.2375 0.0921875 0.15
8 0.4765625 0.146875 0.146875 0.125
8 0.35859375 0.23671875 0.11328125 0.13203125
8 0.0890625 0.45078125 0.178125 0.1640625
8 0.2671875 0.3484375 0.08671875 0.10078125
8 0.21640625 0.47734375 0.08671875 0.12265625
8 0.94296875 0.38203125 0.1140625 0.1921875
8 0.35859375 0.85859375 0.2171875 0.2828125
8 0.4734375 0.67890625 0.153125 0.2578125
8 0.090625 0.7078125 0.18125 0.315625
8 0.9171875 0.94140625 0.165625 0.1171875
8 0.66015625 0.96171875 0.2203125 0.0765625