8 0.25625 0.34140625 0.275 0.4546875
8 0.0703125 0.25703125 0.140625 0.4421875
8 0.13046875 0.0703125 0.2609375 0.140625
8 0.2984375 0.0828125 0.23125 0.165625
8 0.38671875 0.25234375 0.1265625 0.2328125
8 0.090625 0.5078125 0.175 0.121875
5 0.6 0.41953125 0.27421875 0.22109375
5 0.67734375 0.52734375 0.2484375 0.0828125
5 0.6125 0.015625 0.28125 0.03125
5 0.58828125 0.16484375 0.2765625 0.2296875
8 0.2484375 0.59140625 0.14375 0.0453125
8 0.01875 0.7171875 0.0375 0.096875
8 0.05 0.8421875 0.1 0.14375
8 0.20234375 0.88203125 0.146875 0.13203125
8 0.059375 0.66796875 0.11875 0.1609375