7 0.16171875 0.06171875 0.3234375 0.1234375
7 0.7796875 0.26484375 0.440625 0.5296875
7 0.43828125 0.71015625 0.18515625 0.228125
7 0.48359375 0.58515625 0.1515625 0.1109375
7 0.28984375 0.69921875 0.15390625 0.25
7 0.1515625 0.71015625 0.15625 0.228125
7 0.21953125 0.89765625 0.1578125 0.2046875
7 0.0859375 0.9015625 0.15625 0.196875
7 0.35390625 0.896875 0.1609375 0.20625
7 0.49140625 0.8921875 0.1359375 0.215625
7 0.21875 0.5703125 0.153125 0.08125
7 0.08359375 0.57265625 0.1671875 0.0859375
7 0.0515625 0.703125 0.103125 0.26875
7 0.7796875 0.76484375 0.440625 0.4703125