7 0.27265625 0.10703125 0.06953125 0.0484375
7 0.0234375 0.1328125 0.046875 0.1375
7 0.49609375 0.18515625 0.0453125 0.1109375
7 0.8859375 0.18671875 0.228125 0.3734375
7 0.259375 0.74453125 0.51875 0.5109375
6 0.590625 0.86015625 0.14375 0.2796875
6 0.6390625 0.6421875 0.15390625 0.303125
6 0.81953125 0.61875 0.1703125 0.259375
6 0.74375 0.77890625 0.18984375 0.2953125
6 0.7453125 0.9421875 0.15 0.115625
6 0.93828125 0.59921875 0.1234375 0.2203125
6 0.928125 0.8453125 0.14375 0.24375
6 0.8734375 0.95390625 0.159375 0.0921875