8 0.49453125 0.0234375 0.0640625 0.046875
8 0.64375 0.0140625 0.0625 0.028125
8 0.0859375 0.06328125 0.090625 0.1265625
8 0.01875 0.2453125 0.0375 0.13125
8 0.08671875 0.23671875 0.09140625 0.14453125
8 0.25234375 0.04453125 0.0546875 0.0890625
8 0.2734375 0.13125 0.07421875 0.115625
8 0.23515625 0.26328125 0.0765625 0.09140625
8 0.315625 0.41875 0.103125 0.040625
8 0.33671875 0.33125 0.0796875 0.11328125
8 0.94609375 0.12421875 0.0921875 0.2484375
8 0.821875 0.07890625 0.065625 0.1578125
8 0.39453125 0.71953125 0.7890625 0.5609375
8 0.89921875 0.5796875 0.1859375 0.28125
8 0.93515625 0.91484375 0.1296875 0.1703125