6 0.2953125 0.23046875 0.36875 0.3984375
6 0.321875 0.38203125 0.315625 0.0953125
7 0.5796875 0.21484375 0.2 0.4296875
7 0.7140625 0.12109375 0.178125 0.2421875
7 0.3140625 0.45625 0.246875 0.053125
7 0.18046875 0.58515625 0.2640625 0.21640625
7 0.09609375 0.7625 0.1921875 0.18125
7 0.41015625 0.92890625 0.1390625 0.1421875
7 0.3921875 0.58828125 0.175 0.2078125
7 0.18125 0.9140625 0.275 0.171875
7 0.35390625 0.77734375 0.19921875 0.2015625
7 0.76796875 0.62734375 0.13671875 0.1296875
7 0.7859375 0.475 0.121875 0.090625
7 0.54921875 0.48125 0.1296875 0.103125
7 0.55625 0.740625 0.13203125 0.06484375
7 0.64375 0.86640625 0.1875 0.0796875
7 0.96015625 0.78046875 0.0796875 0.1140625
7 0.87109375 0.85546875 0.13203125 0.10078125
7 0.9296875 0.95625 0.08203125 0.07421875