5 0.28359375 0.1796875 0.0921875 0.359375
5 0.1609375 0.1796875 0.146875 0.359375
5 0.0421875 0.1953125 0.084375 0.328125
8 0.49609375 0.1796875 0.3328125 0.359375
8 0.81484375 0.053125 0.3703125 0.10625
8 0.7859375 0.228125 0.365625 0.2625
8 0.3109375 0.45390625 0.0375 0.1890625
8 0.2234375 0.52265625 0.11328125 0.15859375
8 0.27734375 0.66328125 0.10078125 0.18046875
8 0.19453125 0.884375 0.1078125 0.1421875
8 0.03515625 0.84296875 0.0703125 0.1171875
8 0.04140625 0.60703125 0.0828125 0.1984375
8 0.5875 0.43359375 0.178125 0.1484375
8 0.80703125 0.4078125 0.1890625 0.096875
8 0.9640625 0.84296875 0.071875 0.2609375