6 0.03515625 0.15 0.0703125 0.3
6 0.11171875 0.234375 0.2140625 0.24375
6 0.1671875 0.45390625 0.103125 0.1921875
6 0.053125 0.4109375 0.10625 0.25
6 0.17421875 0.07265625 0.0890625 0.1453125
6 0.78984375 0.31796875 0.2453125 0.3171875
6 0.45703125 0.38515625 0.19453125 0.24765625
6 0.3625 0.2515625 0.15859375 0.18046875
6 0.5453125 0.1375 0.178125 0.275
6 0.96640625 0.4578125 0.0671875 0.184375
6 0.61953125 0.30703125 0.11796875 0.19453125
6 0.87578125 0.103125 0.1390625 0.20625
6 0.31953125 0.05703125 0.1296875 0.1140625
6 0.27421875 0.46015625 0.1109375 0.1796875
6 0.04140625 0.93671875 0.0828125 0.1265625
6 0.609375 0.775 0.78125 0.45