8 0.02890625 0.246875 0.0578125 0.465625
8 0.3125 0.0546875 0.15 0.109375
8 0.6515625 0.26328125 0.13671875 0.196875
8 0.73671875 0.05234375 0.1171875 0.1046875
8 0.5921875 0.046875 0.084375 0.09375
8 0.63203125 0.42265625 0.1421875 0.1140625
8 0.78125 0.415625 0.0875 0.128125
8 0.9640625 0.2890625 0.071875 0.2
8 0.86328125 0.3484375 0.0890625 0.14921875
8 0.8421875 0.2296875 0.09609375 0.16796875
8 0.8625 0.03828125 0.06875 0.0765625
8 0.3046875 0.52109375 0.084375 0.0828125
8 0.42890625 0.5171875 0.0765625 0.075
8 0.51796875 0.51328125 0.0640625 0.0671875
8 0.2171875 0.72109375 0.0625 0.103125
8 0.15546875 0.72109375 0.06953125 0.10546875
8 0.3109375 0.9875 0.096875 0.025
8 0.478125 0.9390625 0.103125 0.09140625
8 0.35625 0.75234375 0.07421875 0.084375
8 0.3515625 0.63359375 0.0625 0.0984375
8 0.284375 0.6671875 0.06953125 0.08203125
8 0.2203125 0.56953125 0.1296875 0.11796875
8 0.4984375 0.78515625 0.0984375 0.0671875
8 0.2875 0.8765625 0.103125 0.10078125
8 0.521875 0.61640625 0.05625 0.1078125
8 0.1125 0.96640625 0.06875 0.0671875
8 0.39140625 0.96015625 0.0796875 0.0796875
8 0.45 0.84296875 0.06015625 0.06953125
8 0.43359375 0.6984375 0.05078125 0.1296875
8 0.0203125 0.6109375 0.040625 0.096875
8 0.0296875 0.70625 0.059375 0.065625
8 0.021875 0.89921875 0.04375 0.0609375
8 0.08828125 0.78828125 0.07421875 0.06953125
8 0.2046875 0.84765625 0.08203125 0.09140625
8 0.22109375 0.9578125 0.0671875 0.084375
8 0.53515625 0.9546875 0.0296875 0.090625
8 0.7921875 0.72421875 0.415625 0.4890625