8 0.271875 0.06484375 0.1 0.1296875
8 0.14140625 0.18828125 0.1609375 0.196875
8 0.09765625 0.06484375 0.1484375 0.1296875
8 0.35546875 0.2640625 0.1078125 0.14453125
8 0.52421875 0.22265625 0.0890625 0.1203125
8 0.51796875 0.04296875 0.1015625 0.0859375
8 0.3390625 0.4921875 0.115625 0.115625
8 0.25234375 0.665625 0.1109375 0.18515625
8 0.38828125 0.80625 0.11796875 0.09375
8 0.43671875 0.928125 0.1453125 0.14375
8 0.4671875 0.75703125 0.12265625 0.15859375
8 0.378125 0.67734375 0.115625 0.165625
5 0.784375 0.55546875 0.43125 0.3734375
5 0.784375 0.884375 0.43125 0.23125