6 0.5328125 0.1515625 0.12734375 0.21171875
6 0.47578125 0.0515625 0.1015625 0.103125
6 0.28828125 0.19375 0.0796875 0.1421875
6 0.23046875 0.240625 0.06953125 0.115625
6 0.22421875 0.31796875 0.10546875 0.0796875
6 0.10859375 0.25625 0.10078125 0.2015625
6 0.02734375 0.20078125 0.0546875 0.1796875
6 0.2171875 0.5484375 0.09375 0.121875
6 0.44296875 0.44140625 0.125 0.1421875
6 0.4859375 0.575 0.125 0.06875
6 0.30234375 0.39921875 0.09609375 0.1421875
6 0.5875 0.17265625 0.04375 0.1984375
6 0.56171875 0.040625 0.0953125 0.08125
6 0.35859375 0.14921875 0.0765625 0.146875
7 0.9109375 0.559375 0.178125 0.1