8 0.0421875 0.19140625 0.084375 0.3828125
8 0.190625 0.30703125 0.16796875 0.25234375
8 0.3046875 0.3921875 0.109375 0.215625
8 0.303125 0.16171875 0.0984375 0.209375
8 0.1921875 0.09296875 0.096875 0.1859375
8 0.90859375 0.33359375 0.1828125 0.2671875
8 0.8359375 0.0421875 0.184375 0.084375
8 0.62578125 0.04453125 0.1328125 0.0890625
8 0.4609375 0.08984375 0.18046875 0.17578125
8 0.7 0.22890625 0.1734375 0.2453125
8 0.171875 0.63515625 0.184375 0.2703125
8 0.11484375 0.9734375 0.1359375 0.053125
5 0.78828125 0.75 0.4234375 0.5