6 0.2390625 0.29140625 0.09140625 0.09140625
6 0.30859375 0.37578125 0.103125 0.11796875
6 0.3859375 0.21484375 0.0796875 0.12265625
6 0.375 0.30390625 0.084375 0.0671875
6 0.44375 0.34765625 0.05 0.1296875
6 0.42578125 0.515625 0.084375 0.14921875
6 0.2953125 0.55703125 0.10078125 0.09609375
6 0.19140625 0.54375 0.0671875 0.0765625
6 0.09140625 0.51015625 0.0671875 0.1296875
6 0.03046875 0.53046875 0.0609375 0.0953125
6 0.01328125 0.32421875 0.0265625 0.1359375
6 0.075 0.11796875 0.15 0.1421875
6 0.22734375 0.1375 0.05546875 0.0796875
6 0.2921875 0.1078125 0.084375 0.1078125
6 0.34375 0.04140625 0.084375 0.0828125
6 0.4125 0.040625 0.09375 0.08125
6 0.4359375 0.17734375 0.065625 0.1078125
6 0.0796875 0.5875 0.075 0.0625
6 0.02578125 0.58125 0.0515625 0.075
6 0.13359375 0.24453125 0.071875 0.0625
6 0.734375 0.38515625 0.53125 0.4671875
6 0.234375 0.809375 0.46875 0.38125
6 0.50859375 0.915625 0.0796875 0.16875
6 0.79609375 0.77109375 0.28125 0.23828125
6 0.959375 0.73359375 0.08125 0.2296875