8 0.26875 0.0171875 0.115625 0.034375
8 0.1546875 0.07578125 0.10546875 0.115625
8 0.24921875 0.17734375 0.1390625 0.1421875
8 0.165625 0.2421875 0.0890625 0.115625
8 0.0375 0.021875 0.075 0.04375
8 0.565625 0.30703125 0.10625 0.0640625
8 0.60625 0.1828125 0.025 0.121875
8 0.48046875 0.0171875 0.0703125 0.034375
8 0.54921875 0.028125 0.0578125 0.05625
6 0.75234375 0.2859375 0.2453125 0.10625
6 0.8390625 0.15703125 0.1390625 0.24765625
6 0.9515625 0.07734375 0.096875 0.1546875
6 0.975 0.2140625 0.05 0.25
6 0.040625 0.390625 0.08125 0.103125
6 0.709375 0.5375 0.18125 0.396875