7 0.36875 0.3125 0.2 0.309375
7 0.16953125 0.05390625 0.3390625 0.1078125
7 0.1546875 0.115625 0.309375 0.2
7 0.01796875 0.1828125 0.0359375 0.209375
7 0.38515625 0.1171875 0.1671875 0.234375
7 0.6 0.21953125 0.2625 0.3171875
7 0.84921875 0.228125 0.25703125 0.30546875
7 0.7640625 0.05390625 0.471875 0.1078125
7 0.53359375 0.4640625 0.1296875 0.25
7 0.73515625 0.4625 0.3171875 0.253125
7 0.234375 0.79453125 0.46875 0.4109375
7 0.940625 0.94609375 0.09375 0.1078125
7 0.78515625 0.95625 0.0890625 0.0875
7 0.5921875 0.91484375 0.05078125 0.125