8 0.04921875 0.17890625 0.0984375 0.1234375
8 0.48828125 0.20859375 0.103125 0.1390625
8 0.2515625 0.35390625 0.15859375 0.165625
8 0.31328125 0.07734375 0.0765625 0.12734375
8 0.62890625 0.459375 0.1015625 0.11875
8 0.08515625 0.49765625 0.1359375 0.0421875
8 0.06875 0.3671875 0.071875 0.09140625
8 0.50546875 0.04140625 0.0734375 0.0828125
8 0.64765625 0.04140625 0.0640625 0.0828125
8 0.83984375 0.259375 0.3203125 0.51875
8 0.09609375 0.8921875 0.1921875 0.215625
8 0.48515625 0.7328125 0.3046875 0.428125
8 0.83984375 0.759375 0.3203125 0.48125