8 0.2671875 0.33125 0.121875 0.115625
8 0.11328125 0.04453125 0.2265625 0.0890625
8 0.315625 0.0640625 0.0875 0.128125
8 0.44296875 0.08828125 0.1671875 0.1765625
8 0.4078125 0.228125 0.18046875 0.1609375
8 0.81796875 0.07734375 0.1640625 0.1546875
8 0.83984375 0.2578125 0.3203125 0.2625
8 0.39375 0.8828125 0.125 0.1703125
8 0.65703125 0.58359375 0.0453125 0.1609375
8 0.03515625 0.95390625 0.0703125 0.0921875
8 0.10703125 0.75078125 0.165625 0.12265625
8 0.07578125 0.4703125 0.13671875 0.12265625
5 0.83984375 0.69453125 0.3203125 0.6109375