8 0.35 0.1265625 0.16328125 0.2328125
8 0.0921875 0.259375 0.184375 0.20625
8 0.28125 0.40703125 0.115625 0.1390625
8 0.190625 0.4859375 0.103125 0.046875
8 0.4078125 0.0546875 0.0625 0.109375
8 0.05390625 0.03515625 0.0609375 0.0703125
8 0.67578125 0.09375 0.1921875 0.1875
8 0.68984375 0.37734375 0.13203125 0.228125
8 0.940625 0.4515625 0.11875 0.115625
8 0.83203125 0.0171875 0.1546875 0.034375
6 0.30234375 0.63984375 0.1515625 0.2359375
6 0.10703125 0.57265625 0.1046875 0.1265625
6 0.1625 0.70390625 0.08203125 0.18984375
6 0.10078125 0.92890625 0.0765625 0.1421875
6 0.01328125 0.6625 0.0265625 0.178125
6 0.4171875 0.90859375 0.04375 0.1578125
6 0.4109375 0.98046875 0.05625 0.0390625
6 0.77109375 0.81640625 0.18984375 0.21171875
6 0.55625 0.8828125 0.19375 0.234375
6 0.93828125 0.92734375 0.1234375 0.1453125
6 0.83828125 0.60859375 0.11328125 0.1203125
6 0.64453125 0.5953125 0.2015625 0.16328125
6 0.5953125 0.6796875 0.125 0.134375