8 0.259375 0.20625 0.48125 0.4125
8 0.98125 0.31484375 0.0375 0.3078125
8 0.83828125 0.296875 0.1609375 0.34375
8 0.63046875 0.26875 0.2046875 0.4
8 0.325 0.66875 0.228125 0.31953125
8 0.325 0.890625 0.1421875 0.18984375
8 0.0515625 0.73359375 0.103125 0.1484375
8 0.13515625 0.79140625 0.11328125 0.1734375
8 0.04921875 0.584375 0.0984375 0.134375
8 0.478125 0.69765625 0.04375 0.2390625
8 0.42265625 0.521875 0.1546875 0.10625
8 0.19375 0.53359375 0.15625 0.1296875
8 0.78515625 0.55234375 0.1734375 0.1671875
8 0.821875 0.8046875 0.13203125 0.23046875