8 0.27265625 0.09921875 0.12265625 0.1921875
8 0.403125 0.16875 0.11328125 0.1609375
8 0.34921875 0.309375 0.10078125 0.18046875
8 0.21796875 0.45703125 0.1609375 0.196875
8 0.175 0.309375 0.14921875 0.18046875
8 0.12578125 0.2015625 0.1078125 0.12734375
8 0.03984375 0.48515625 0.0796875 0.1796875
8 0.43203125 0.5328125 0.1078125 0.14453125
8 0.6078125 0.4921875 0.10078125 0.1203125
8 0.603125 0.25390625 0.11796875 0.2015625
8 0.67265625 0.3171875 0.0546875 0.18125
8 0.8375 0.30625 0.18046875 0.271875
8 0.96171875 0.19296875 0.0765625 0.3234375
8 0.97890625 0.53203125 0.0421875 0.1953125
8 0.3984375 0.74765625 0.06015625 0.10078125