7 0.6578125 0.11953125 0.084375 0.1703125
7 0.31796875 0.03671875 0.1609375 0.0734375
7 0.5609375 0.13515625 0.1109375 0.12734375
7 0.784375 0.17265625 0.06953125 0.0484375
7 0.46953125 0.8796875 0.4609375 0.240625
7 0.51171875 0.64453125 0.3765625 0.2296875
7 0.56328125 0.415625 0.2734375 0.228125
7 0.1109375 0.5046875 0.221875 0.25625
7 0.05546875 0.82578125 0.1109375 0.3484375
6 0.8890625 0.38671875 0.1609375 0.209375
6 0.97109375 0.47734375 0.0578125 0.3453125
6 0.92421875 0.959375 0.1515625 0.08125
6 0.86640625 0.58671875 0.18515625 0.21640625