8 0.2703125 0.18203125 0.08671875 0.24765625
8 0.1578125 0.23125 0.10078125 0.22578125
8 0.41640625 0.109375 0.1203125 0.21875
8 0.54453125 0.17890625 0.0890625 0.1453125
8 0.79453125 0.18984375 0.4109375 0.3796875
8 0.2671875 0.5375 0.23828125 0.240625
8 0.3046875 0.778125 0.3296875 0.303125
8 0.1015625 0.953125 0.1875 0.09375
8 0.340625 0.97734375 0.146875 0.0453125
8 0.64765625 0.42890625 0.0734375 0.0984375
8 0.61875 0.5515625 0.059375 0.090625
8 0.69140625 0.76875 0.103125 0.1609375
8 0.8078125 0.79375 0.08671875 0.11328125
8 0.71171875 0.6203125 0.0796875 0.11328125