6 0.02265625 0.32265625 0.0453125 0.1609375
6 0.03515625 0.01640625 0.0703125 0.0328125
6 0.0609375 0.409375 0.090625 0.059375
6 0.128125 0.2515625 0.08125 0.115625
6 0.1125 0.07109375 0.1125 0.1421875
6 0.671875 0.20234375 0.4375 0.4046875
6 0.85078125 0.359375 0.2984375 0.159375
6 0.384375 0.325 0.43125 0.228125
6 0.1109375 0.69609375 0.115625 0.2140625
8 0.40625 0.7921875 0.08671875 0.1078125
8 0.634375 0.878125 0.115625 0.12734375
8 0.73671875 0.6703125 0.053125 0.0796875
8 0.7578125 0.56015625 0.0984375 0.14453125
8 0.7984375 0.4890625 0.09375 0.1
8 0.634375 0.578125 0.10078125 0.14921875
8 0.43515625 0.49296875 0.1078125 0.1078125
8 0.2015625 0.4609375 0.065625 0.04375
8 0.20078125 0.6609375 0.0640625 0.15625
8 0.25 0.84453125 0.0890625 0.09609375
8 0.30546875 0.4609375 0.0984375 0.04375
8 0.51953125 0.96171875 0.1046875 0.0765625
8 0.34453125 0.984375 0.0578125 0.03125
8 0.39140625 0.9015625 0.10078125 0.0984375
8 0.846875 0.909375 0.06953125 0.06484375
8 0.915625 0.90234375 0.0578125 0.1203125
8 0.9609375 0.86953125 0.078125 0.0953125
8 0.86484375 0.68125 0.08203125 0.115625
8 0.9578125 0.48515625 0.084375 0.0921875
8 0.36015625 0.69921875 0.12265625 0.1109375
8 0.478125 0.64140625 0.0578125 0.10078125
8 0.57265625 0.45 0.0609375 0.021875
8 0.77890625 0.76796875 0.08203125 0.084375
8 0.70390625 0.76640625 0.09140625 0.134375