6 0.10703125 0.5109375 0.2140625 0.178125
6 0.296875 0.4828125 0.325 0.234375
6 0.16953125 0.1671875 0.3390625 0.334375
6 0.709375 0.1765625 0.15625 0.23046875
6 0.82890625 0.41328125 0.22109375 0.19453125
6 0.97890625 0.2890625 0.0421875 0.284375
6 0.9078125 0.153125 0.184375 0.246875
6 0.5640625 0.490625 0.209375 0.21875
6 0.56328125 0.2609375 0.2078125 0.2625
6 0.53671875 0.03359375 0.1546875 0.0671875
6 0.228125 0.803125 0.45625 0.39375
6 0.815625 0.8 0.36875 0.4
6 0.55390625 0.7484375 0.1890625 0.296875