7 0.41171875 0.234375 0.2765625 0.46875
7 0.2 0.234375 0.1125 0.46875
7 0.05546875 0.28203125 0.1109375 0.2984375
7 0.82890625 0.1359375 0.3421875 0.271875
7 0.046875 0.64609375 0.09375 0.1296875
7 0.29609375 0.646875 0.08671875 0.1078125
7 0.05234375 0.50390625 0.1046875 0.0703125
7 0.25390625 0.8 0.1515625 0.11328125
7 0.45546875 0.540625 0.15859375 0.0796875
7 0.3078125 0.52734375 0.1609375 0.0984375
7 0.3921875 0.80859375 0.15390625 0.10546875
7 0.12890625 0.87421875 0.13203125 0.10078125
7 0.49140625 0.9546875 0.1109375 0.090625
7 0.4984375 0.6984375 0.103125 0.0875
7 0.18671875 0.96875 0.0828125 0.0625
7 0.29609375 0.96953125 0.1015625 0.0609375
6 0.828125 0.734375 0.34375 0.53125