6 0.30703125 0.59140625 0.1203125 0.0953125
6 0.34765625 0.34921875 0.071875 0.08203125
6 0.1953125 0.20859375 0.09375 0.084375
6 0.01328125 0.07421875 0.0265625 0.1109375
6 0.04609375 0.62578125 0.0796875 0.0265625
6 0.16015625 0.509375 0.08203125 0.0890625
6 0.1515625 0.3859375 0.06015625 0.09609375
6 0.221875 0.378125 0.06953125 0.09140625
6 0.85 0.3828125 0.06484375 0.0890625
6 0.7625 0.459375 0.05546875 0.0671875
6 0.19453125 0.85234375 0.3890625 0.2953125
6 0.5390625 0.91796875 0.2125 0.1640625
6 0.4375 0.84921875 0.096875 0.2328125
6 0.82421875 0.7453125 0.15859375 0.178125
6 0.84375 0.86796875 0.21875 0.16796875
6 0.7859375 0.9609375 0.240625 0.078125
6 0.434375 0.70703125 0.090625 0.1359375