5 0.19765625 0.23984375 0.3953125 0.4796875
8 0.6515625 0.2328125 0.1875 0.4234375
8 0.85078125 0.36015625 0.1671875 0.2390625
8 0.95546875 0.4125 0.0890625 0.134375
8 0.95703125 0.221875 0.0859375 0.209375
8 0.85390625 0.15078125 0.09609375 0.19453125
8 0.5015625 0.21953125 0.09140625 0.17578125
8 0.4421875 0.134375 0.046875 0.228125
8 0.5265625 0.44765625 0.09375 0.0640625
8 0.025 0.79453125 0.05 0.1890625
8 0.30625 0.55859375 0.184375 0.1578125
8 0.06875 0.55625 0.1375 0.153125
8 0.25 0.90703125 0.13671875 0.18515625
8 0.7328125 0.71015625 0.4125 0.4609375
8 0.5484375 0.70859375 0.259375 0.4578125
8 0.62421875 0.93203125 0.2453125 0.1359375
8 0.88203125 0.9390625 0.2359375 0.121875