5 0.103125 0.15546875 0.20625 0.3109375
8 0.7046875 0.1796875 0.590625 0.359375
8 0.1734375 0.9046875 0.303125 0.190625
8 0.28125 0.76953125 0.18984375 0.25234375
8 0.0578125 0.846875 0.115625 0.30625
8 0.0421875 0.57265625 0.084375 0.2828125
8 0.2375 0.50625 0.259375 0.29375
8 0.38046875 0.82890625 0.0578125 0.2578125
8 0.48515625 0.70859375 0.1515625 0.1171875
8 0.4328125 0.41875 0.046875 0.11875
8 0.82734375 0.97421875 0.0984375 0.0515625
8 0.71015625 0.92578125 0.1390625 0.0984375
8 0.87578125 0.70078125 0.1296875 0.09140625
8 0.953125 0.50078125 0.09375 0.0859375
8 0.6890625 0.3828125 0.13125 0.046875