8 0.35 0.115625 0.259375 0.128125
8 0.346875 0.271875 0.265625 0.14375
8 0.35078125 0.4375 0.2578125 0.15625
8 0.3328125 0.61875 0.29375 0.175
8 0.69375 0.21484375 0.428125 0.4296875
8 0.965625 0.24765625 0.06875 0.4203125
8 0.06640625 0.97890625 0.0828125 0.0421875
8 0.43984375 0.98203125 0.0796875 0.0359375
8 0.353125 0.79140625 0.065625 0.0640625
8 0.21015625 0.83671875 0.0796875 0.06953125
8 0.02890625 0.79375 0.0578125 0.06875
8 0.02421875 0.91171875 0.0484375 0.0828125
8 0.2421875 0.96171875 0.0625 0.06953125
8 0.090625 0.90859375 0.08671875 0.09609375
8 0.3109375 0.9046875 0.0625 0.08671875
8 0.8875 0.77421875 0.084375 0.0296875
8 0.809375 0.76640625 0.040625 0.0140625
8 0.81953125 0.88203125 0.06484375 0.06015625
8 0.96328125 0.85078125 0.06015625 0.08203125
8 0.4859375 0.80859375 0.0125 0.0984375
8 0.58359375 0.8953125 0.05546875 0.11328125
8 0.603125 0.9671875 0.071875 0.065625