7 0.20859375 0.18828125 0.13671875 0.1296875
7 0.47890625 0.1890625 0.08671875 0.1078125
7 0.2265625 0.040625 0.121875 0.08125
7 0.02734375 0.046875 0.0546875 0.09375
7 0.03125 0.30078125 0.0625 0.0640625
7 0.0890625 0.42734375 0.178125 0.0796875
7 0.43671875 0.3421875 0.1515625 0.11328125
7 0.4890625 0.06953125 0.159375 0.0984375
7 0.5328125 0.35 0.071875 0.10625
7 0.31171875 0.41640625 0.13203125 0.10078125
7 0.3703125 0.5171875 0.08203125 0.07421875
7 0.4796875 0.52265625 0.10078125 0.08203125
7 0.784375 0.28984375 0.43125 0.5796875
6 0.25625 0.76171875 0.2765625 0.3265625
6 0.45 0.834375 0.16796875 0.25234375
6 0.4359375 0.94375 0.18125 0.1125
6 0.2625 0.93046875 0.25 0.1390625
7 0.89375 0.64453125 0.2125 0.1296875