6 0.075 0.25703125 0.125 0.1109375
6 0.01796875 0.46171875 0.0359375 0.1296875
6 0.37578125 0.39921875 0.12265625 0.13671875
6 0.24296875 0.08515625 0.13671875 0.1109375
6 0.66328125 0.2953125 0.3671875 0.4875
6 0.93828125 0.43828125 0.1234375 0.2015625
6 0.9203125 0.16015625 0.159375 0.3203125
6 0.571875 0.0484375 0.184375 0.096875
6 0.415625 0.59140625 0.128125 0.1046875
6 0.30859375 0.7640625 0.22109375 0.19453125
6 0.11328125 0.66015625 0.1296875 0.2421875
6 0.2171875 0.584375 0.20625 0.090625
6 0.08203125 0.90234375 0.1640625 0.1953125
6 0.72578125 0.84296875 0.4921875 0.3140625
6 0.91953125 0.6296875 0.1609375 0.18125