8 0.53984375 0.35078125 0.1203125 0.3015625
8 0.4734375 0.14765625 0.253125 0.2953125
8 0.3734375 0.34921875 0.27890625 0.30546875
8 0.1515625 0.30703125 0.14921875 0.25703125
6 0.78671875 0.05546875 0.2421875 0.1109375
6 0.8921875 0.3375 0.125 0.24296875
6 0.896875 0.4921875 0.153125 0.09375
6 0.765625 0.334375 0.13203125 0.23046875
6 0.6984375 0.22265625 0.196875 0.4171875
6 0.9703125 0.3421875 0.059375 0.39375
6 0.475 0.6375 0.25 0.196875
6 0.14765625 0.70546875 0.2953125 0.3328125
6 0.2796875 0.8578125 0.215625 0.284375
6 0.4734375 0.85703125 0.2125 0.2859375
6 0.5703125 0.8515625 0.059375 0.296875
8 0.8328125 0.70703125 0.334375 0.3359375
8 0.84296875 0.9171875 0.3140625 0.165625