8 0.2984375 0.4078125 0.16328125 0.18984375
8 0.0296875 0.2421875 0.059375 0.484375
8 0.27421875 0.56796875 0.1328125 0.0421875
8 0.2703125 0.15625 0.1203125 0.25703125
8 0.36875 0.1359375 0.1 0.21875
8 0.19609375 0.01328125 0.1484375 0.0265625
8 0.67421875 0.29453125 0.4953125 0.5890625
8 0.37421875 0.80546875 0.0890625 0.1171875
8 0.1609375 0.7328125 0.08203125 0.0890625
8 0.0796875 0.83046875 0.125 0.11328125
8 0.115625 0.98125 0.134375 0.0375
8 0.70703125 0.7609375 0.1953125 0.34375
8 0.53671875 0.7 0.1203125 0.221875
8 0.45859375 0.70625 0.0796875 0.234375