8 0.125 0.25625 0.25 0.5125
6 0.70546875 0.375 0.5890625 0.2875
8 0.26640625 0.97265625 0.1421875 0.0546875
8 0.31328125 0.853125 0.0734375 0.121875
8 0.1640625 0.6734375 0.06953125 0.06484375
8 0.2328125 0.66640625 0.0578125 0.1203125
8 0.28671875 0.634375 0.09375 0.09609375
8 0.0953125 0.54609375 0.08125 0.0546875
8 0.0328125 0.5578125 0.065625 0.078125
6 0.4375 0.80390625 0.175 0.3921875
6 0.69453125 0.82734375 0.3109375 0.3453125
6 0.94296875 0.759375 0.1140625 0.48125
6 0.603125 0.61171875 0.3375 0.1859375