8 0.3765625 0.2046875 0.284375 0.409375
8 0.26015625 0.034375 0.2234375 0.06875
8 0.11640625 0.2046875 0.2328125 0.409375
8 0.05390625 0.37578125 0.1078125 0.0671875
6 0.65625 0.2046875 0.275 0.409375
8 0.1421875 0.78125 0.0890625 0.1296875
8 0.26015625 0.72734375 0.084375 0.12265625
8 0.3609375 0.7296875 0.08671875 0.1296875
8 0.46796875 0.85390625 0.10078125 0.1390625
8 0.40625 0.9796875 0.09375 0.040625
8 0.03359375 0.853125 0.0671875 0.11875
6 0.53515625 0.54140625 0.0328125 0.2640625
6 0.67421875 0.771875 0.165625 0.2546875
6 0.8359375 0.7671875 0.084375 0.17578125