4 0.4875 0.15234375 0.12734375 0.17578125
4 0.646875 0.05078125 0.13125 0.1015625
4 0.62109375 0.1984375 0.2046875 0.16796875
4 0.8375 0.146875 0.13203125 0.19921875
4 0.79921875 0.03515625 0.1359375 0.0703125
4 0.4796875 0.02578125 0.246875 0.0515625
4 0.37109375 0.1109375 0.1421875 0.1703125
4 0.4375 0.4046875 0.12265625 0.16796875
4 0.60703125 0.31953125 0.24296875 0.11328125
4 0.79765625 0.3765625 0.2046875 0.1703125
4 0.63359375 0.44609375 0.20703125 0.15859375
5 0.134375 0.8296875 0.26875 0.340625
5 0.63203125 0.8296875 0.6140625 0.340625