8 0.3078125 0.1671875 0.121875 0.334375
8 0.12578125 0.2609375 0.2515625 0.196875
6 0.6390625 0.1796875 0.540625 0.359375
8 0.184375 0.65703125 0.36875 0.5953125
6 0.74765625 0.94140625 0.2734375 0.1171875
6 0.8515625 0.5828125 0.22109375 0.1609375
6 0.68515625 0.6203125 0.21171875 0.1828125
6 0.80234375 0.75 0.22578125 0.27421875
6 0.92421875 0.88671875 0.1515625 0.2265625
6 0.94453125 0.71875 0.1109375 0.2
6 0.415625 0.80703125 0.09375 0.1671875
6 0.51875 0.640625 0.165625 0.21875
6 0.54765625 0.68359375 0.11796875 0.146875