8 0.1796875 0.2078125 0.359375 0.415625
8 0.4203125 0.2078125 0.121875 0.415625
8 0.5296875 0.36328125 0.20625 0.2734375
8 0.81328125 0.38515625 0.2328125 0.2296875
8 0.16171875 0.85625 0.084375 0.1296875
8 0.03515625 0.9828125 0.0703125 0.034375
8 0.246875 0.74921875 0.071875 0.1078125
8 0.184375 0.66640625 0.0890625 0.1921875
8 0.9609375 0.5625 0.078125 0.08125
8 0.8859375 0.5546875 0.04296875 0.0671875
8 0.8953125 0.69609375 0.06484375 0.0625
8 0.53515625 0.61484375 0.0484375 0.1203125
8 0.48671875 0.7328125 0.09140625 0.14921875
8 0.3984375 0.925 0.078125 0.13125
8 0.48671875 0.91640625 0.09140625 0.14453125
8 0.653125 0.7109375 0.05546875 0.115625
8 0.6734375 0.8109375 0.07421875 0.115625
8 0.63515625 0.94296875 0.0765625 0.09140625
8 0.73671875 0.9765625 0.0796875 0.046875