8 0.2859375 0.1015625 0.103125 0.17578125
8 0.11796875 0.34609375 0.103125 0.18046875
8 0.0578125 0.24140625 0.115625 0.2546875
8 0.33203125 0.321875 0.125 0.15625
8 0.44375 0.05078125 0.06875 0.1015625
8 0.60546875 0.08828125 0.0734375 0.1765625
8 0.92890625 0.33203125 0.1421875 0.2546875
8 0.83515625 0.37578125 0.1296875 0.1671875
8 0.63984375 0.37578125 0.1421875 0.1671875
8 0.184375 0.60703125 0.321875 0.2953125
8 0.47421875 0.846875 0.1890625 0.30625
8 0.17109375 0.8640625 0.2609375 0.271875
8 0.784375 0.7296875 0.43125 0.540625