8 0.259375 0.284375 0.51875 0.56875
8 0.6609375 0.0125 0.084375 0.025
8 0.5734375 0.18359375 0.0625 0.103125
8 0.53203125 0.1828125 0.0265625 0.10625
8 0.66796875 0.48671875 0.09609375 0.0984375
8 0.834375 0.4015625 0.103125 0.09140625
8 0.7125 0.21484375 0.07421875 0.084375
8 0.7078125 0.09609375 0.0625 0.0984375
8 0.640625 0.1296875 0.06953125 0.08203125
8 0.5796875 0.0453125 0.121875 0.090625
8 0.98203125 0.0625 0.0359375 0.103125
8 0.8546875 0.24765625 0.0984375 0.0671875
8 0.64375 0.3390625 0.103125 0.10078125
8 0.8859375 0.07890625 0.06953125 0.1078125
8 0.54609375 0.52421875 0.0546875 0.0796875
8 0.678125 0.55 0.084375 0.0375
8 0.85 0.50703125 0.1109375 0.0890625
8 0.74765625 0.42421875 0.0796875 0.08203125
8 0.80625 0.30546875 0.06015625 0.06953125
8 0.78984375 0.1609375 0.05078125 0.1296875
8 0.5609375 0.31015625 0.08203125 0.09140625
8 0.578125 0.42265625 0.0671875 0.08671875
8 0.91484375 0.4203125 0.07421875 0.09609375
8 0.959375 0.54921875 0.06875 0.0390625
8 0.96953125 0.15625 0.05546875 0.0796875
8 0.3328125 0.7203125 0.371875 0.303125
8 0.06875 0.7203125 0.1375 0.303125
8 0.75 0.7921875 0.43984375 0.3578125