6 0.6125 0.2171875 0.153125 0.24375
6 0.515625 0.478125 0.1515625 0.26171875
6 0.2890625 0.37734375 0.1421875 0.2140625
6 0.07734375 0.2328125 0.1546875 0.14375
6 0.2078125 0.04921875 0.071875 0.0984375
6 0.61875 0.0171875 0.084375 0.034375
6 0.0984375 0.01640625 0.125 0.0328125
8 0.8921875 0.471875 0.215625 0.29375
6 0.4625 0.7671875 0.353125 0.296875
6 0.3171875 0.8609375 0.375 0.278125
6 0.0625 0.85390625 0.125 0.2921875
6 0.64140625 0.8765625 0.0953125 0.246875
6 0.15546875 0.69609375 0.3109375 0.1546875
6 0.859375 0.89375 0.25 0.2125
6 0.84140625 0.71484375 0.2859375 0.1921875