8 0.159375 0.46171875 0.21875 0.1359375
8 0.31875 0.390625 0.1 0.278125
8 0.41796875 0.04375 0.0984375 0.0875
8 0.6421875 0.28828125 0.1421875 0.2046875
8 0.728125 0.06171875 0.121875 0.1234375
8 0.565625 0.05703125 0.115625 0.1140625
8 0.40859375 0.4421875 0.0796875 0.175
8 0.6234375 0.46015625 0.146875 0.1390625
8 0.77578125 0.453125 0.0890625 0.153125
8 0.9625 0.31484375 0.075 0.2078125
8 0.85859375 0.37578125 0.09140625 0.15390625
8 0.8375 0.253125 0.09609375 0.1734375
8 0.8578125 0.04765625 0.071875 0.0953125
8 0.47265625 0.1625 0.09140625 0.103125
8 0.4203125 0.29453125 0.08671875 0.125
8 0.121875 0.6109375 0.24375 0.1625
8 0.28359375 0.62421875 0.1703125 0.1890625
8 0.684375 0.76484375 0.63125 0.4703125