8 0.134375 0.3046875 0.26875 0.609375
8 0.5125 0.46484375 0.165625 0.2890625
8 0.35703125 0.5296875 0.1765625 0.159375
8 0.734375 0.4265625 0.2015625 0.3390625
8 0.7234375 0.0859375 0.1375 0.171875
8 0.465625 0.14453125 0.1921875 0.2328125
8 0.94921875 0.5546875 0.1015625 0.109375
8 0.078125 0.8734375 0.09140625 0.18984375
8 0.5546875 0.63515625 0.0625 0.0515625
8 0.4921875 0.6359375 0.06875 0.053125
8 0.64921875 0.91328125 0.09609375 0.0984375
8 0.815625 0.828125 0.103125 0.09140625
8 0.9875 0.76796875 0.025 0.0953125
8 0.69296875 0.64609375 0.0734375 0.0734375
8 0.8359375 0.67421875 0.0984375 0.0671875
8 0.625 0.765625 0.103125 0.10078125
8 0.31171875 0.68203125 0.0859375 0.1140625
8 0.2875 0.85703125 0.0375 0.0984375
8 0.45078125 0.8734375 0.06953125 0.10078125
8 0.5078125 0.95078125 0.09609375 0.0796875
8 0.659375 0.97890625 0.084375 0.0421875
8 0.83125 0.93359375 0.1109375 0.0890625
8 0.72890625 0.85078125 0.0796875 0.08203125
8 0.7875 0.73203125 0.06015625 0.06953125
8 0.7703125 0.63046875 0.05 0.0421875
8 0.36484375 0.61875 0.0640625 0.01875
8 0.371875 0.953125 0.0984375 0.0890625
8 0.35 0.7890625 0.06484375 0.06015625
8 0.42578125 0.67734375 0.07421875 0.06953125
8 0.5421875 0.73671875 0.08203125 0.09140625
8 0.559375 0.84921875 0.0671875 0.08671875
8 0.89609375 0.846875 0.07421875 0.09609375
8 0.940625 0.978125 0.06875 0.04375
8 0.9828125 0.96796875 0.034375 0.0640625