6 0.1515625 0.0515625 0.09375 0.084375
6 0.61796875 0.321875 0.6765625 0.434375
6 0.2578125 0.5859375 0.04375 0.09375
6 0.125 0.57578125 0.06875 0.0734375
6 0.07421875 0.5953125 0.0625 0.08671875
6 0.121875 0.63671875 0.0578125 0.09140625
6 0.046875 0.64140625 0.06015625 0.084375
6 0.05234375 0.70234375 0.05078125 0.08671875
6 0.2015625 0.71328125 0.0578125 0.09140625
6 0.140625 0.75546875 0.06484375 0.103125
6 0.1546875 0.86640625 0.0765625 0.084375
6 0.05 0.8875 0.08671875 0.1078125
6 0.26015625 0.7015625 0.0390625 0.1
6 0.24921875 0.8375 0.0609375 0.09375
6 0.23046875 0.9828125 0.0796875 0.034375
6 0.1421875 0.98203125 0.071875 0.0359375
6 0.646875 0.76953125 0.70625 0.4609375