6 0.471875 0.12265625 0.09375 0.2296875
6 0.3875 0.11015625 0.2625 0.2203125
6 0.15703125 0.05859375 0.1421875 0.1171875
6 0.0890625 0.30859375 0.178125 0.2609375
6 0.421875 0.40546875 0.19375 0.0671875
8 0.603125 0.20703125 0.16875 0.3890625
8 0.79296875 0.12421875 0.3203125 0.2484375
8 0.8328125 0.2859375 0.334375 0.30625
6 0.259375 0.71953125 0.51875 0.5609375
6 0.89921875 0.9484375 0.2015625 0.103125
6 0.5984375 0.77109375 0.13203125 0.21171875
6 0.571875 0.91484375 0.10625 0.1703125
6 0.8421875 0.7828125 0.11328125 0.18984375