6 0.1421875 0.05078125 0.284375 0.1015625
6 0.33359375 0.08984375 0.1484375 0.1796875
6 0.09296875 0.1734375 0.1734375 0.27890625
6 0.3046875 0.2453125 0.17578125 0.23046875
6 0.4109375 0.3765625 0.178125 0.221875
6 0.18515625 0.3875 0.1390625 0.284375
6 0.42890625 0.096875 0.1421875 0.19375
6 0.62421875 0.08125 0.2484375 0.1625
6 0.80390625 0.0984375 0.1671875 0.196875
6 0.79140625 0.2546875 0.18046875 0.25703125
6 0.62109375 0.25 0.2421875 0.303125
6 0.9203125 0.37265625 0.13203125 0.2453125
7 0.38046875 0.76484375 0.2390625 0.4703125
7 0.12734375 0.7578125 0.2546875 0.45625
7 0.75 0.83671875 0.5 0.3265625