6 0.4 0.3828125 0.2375 0.253125
6 0.05078125 0.34921875 0.1015625 0.3140625
6 0.13828125 0.46875 0.2546875 0.08125
6 0.3359375 0.1578125 0.209375 0.2328125
6 0.0328125 0.0625 0.065625 0.125
6 0.121875 0.0828125 0.178125 0.165625
6 0.74140625 0.2546875 0.3640625 0.509375
6 0.38203125 0.64296875 0.2109375 0.2671875
6 0.06640625 0.93046875 0.1328125 0.1390625
6 0.09375 0.55234375 0.1875 0.0859375
6 0.18125 0.61640625 0.209375 0.2140625
6 0.528125 0.73125 0.0625 0.2375
6 0.92421875 0.98203125 0.0453125 0.0359375
6 0.98203125 0.8921875 0.0359375 0.0875