6 0.175 0.334375 0.35 0.66875
6 0.865625 0.31875 0.26875 0.3
6 0.5765625 0.30859375 0.26953125 0.2640625
6 0.3875 0.17578125 0.075 0.2796875
6 0.7859375 0.615625 0.240625 0.10625
6 0.8828125 0.5640625 0.234375 0.159375
6 0.7015625 0.534375 0.1296875 0.209375
6 0.58828125 0.5203125 0.15390625 0.1203125
6 0.4515625 0.58671875 0.18515625 0.15390625
6 0.0875 0.875 0.175 0.25
6 0.2359375 0.80390625 0.228125 0.2703125
6 0.615625 0.834375 0.375 0.33125
6 0.64375 0.75625 0.3125 0.175
6 0.8921875 0.834375 0.215625 0.33125