5 0.02421875 0.31171875 0.0484375 0.2953125
5 0.2203125 0.34765625 0.078125 0.3234375
5 0.7234375 0.2546875 0.553125 0.509375
5 0.1296875 0.7546875 0.259375 0.490625
5 0.50703125 0.75 0.12734375 0.2046875
5 0.70546875 0.7640625 0.13203125 0.2046875
5 0.353125 0.80625 0.08203125 0.165625
5 0.96171875 0.91953125 0.0765625 0.1609375
5 0.27890625 0.953125 0.0390625 0.09375
5 0.58984375 0.9625 0.0953125 0.075
5 0.4546875 0.96875 0.165625 0.0625
5 0.79921875 0.96484375 0.1703125 0.0703125
5 0.4609375 0.5484375 0.15 0.078125
5 0.784375 0.55390625 0.090625 0.0890625