8 0.696875 0.1953125 0.04375 0.253125
8 0.47421875 0.27890625 0.1390625 0.1796875
8 0.47265625 0.1140625 0.23828125 0.15390625
8 0.5796875 0.03984375 0.103125 0.0796875
8 0.0734375 0.25546875 0.146875 0.1546875
8 0.17265625 0.315625 0.1390625 0.10625
8 0.04375 0.01640625 0.0875 0.0328125
8 0.021875 0.1046875 0.04375 0.115625
8 0.15703125 0.140625 0.16328125 0.1734375
8 0.76484375 0.184375 0.0921875 0.36875
5 0.29296875 0.6109375 0.5859375 0.484375
8 0.77421875 0.6953125 0.10078125 0.1296875
8 0.80625 0.99140625 0.0625 0.0171875