8 0.1328125 0.09609375 0.265625 0.1921875
8 0.059375 0.390625 0.11875 0.471875
8 0.1671875 0.56875 0.20625 0.2625
8 0.45078125 0.590625 0.2328125 0.21875
8 0.7265625 0.42421875 0.29375 0.5515625
8 0.8890625 0.25390625 0.221875 0.5046875
8 0.4484375 0.92890625 0.196875 0.1421875
8 0.48984375 0.7921875 0.178125 0.18046875
8 0.28203125 0.84375 0.18046875 0.18515625
8 0.0796875 0.88515625 0.159375 0.2296875
8 0.646875 0.790625 0.134375 0.18125
8 0.846875 0.84453125 0.2046875 0.25
8 0.92421875 0.83828125 0.1515625 0.2765625