7 0.32421875 0.21484375 0.4296875 0.4296875
7 0.76953125 0.21484375 0.4609375 0.4296875
6 0.2328125 0.7453125 0.12734375 0.21171875
6 0.1765625 0.60625 0.10078125 0.1828125
6 0.07265625 0.52734375 0.0953125 0.1953125
6 0.0140625 0.78671875 0.028125 0.1421875
6 0.1421875 0.98203125 0.125 0.0359375
6 0.025 0.9609375 0.05 0.078125
6 0.4515625 0.909375 0.13203125 0.14921875
6 0.334375 0.7671875 0.13671875 0.19921875
6 0.4796875 0.6359375 0.0765625 0.18984375
6 0.27890625 0.5921875 0.1296875 0.16796875
6 0.05859375 0.74296875 0.0765625 0.146875
7 0.76953125 0.65078125 0.4609375 0.4421875
7 0.853125 0.9078125 0.29375 0.184375