8 0.38828125 0.34609375 0.12265625 0.1921875
8 0.6328125 0.15390625 0.103125 0.16796875
8 0.51875 0.415625 0.11328125 0.1609375
8 0.4640625 0.4921875 0.1 0.053125
8 0.28984375 0.4921875 0.1484375 0.053125
8 0.24140625 0.4484375 0.1078125 0.12734375
8 0.06875 0.4078125 0.1375 0.221875
8 0.684375 0.459375 0.05 0.11875
8 0.68984375 0.13046875 0.0390625 0.2546875
8 0.375 0.18828125 0.14453125 0.15625
8 0.24609375 0.13671875 0.09140625 0.18515625
8 0.12734375 0.11171875 0.1453125 0.2234375
8 0.109375 0.8265625 0.125 0.22109375
8 0.065625 0.54296875 0.05 0.0484375
8 0.01171875 0.88203125 0.0234375 0.1046875
8 0.2859375 0.89765625 0.05546875 0.125
8 0.25625 0.7484375 0.06953125 0.11328125
8 0.39453125 0.66328125 0.0984375 0.2859375
8 0.64609375 0.57890625 0.0859375 0.1203125
8 0.8546875 0.759375 0.290625 0.48125