6 0.4765625 0.2109375 0.065625 0.071875
6 0.4265625 0.40078125 0.165625 0.1359375
6 0.7546875 0.25859375 0.490625 0.4203125
6 0.0296875 0.8578125 0.059375 0.284375
6 0.0859375 0.95703125 0.128125 0.0859375
6 0.259375 0.94765625 0.19375 0.1046875
6 0.34296875 0.6859375 0.21171875 0.30546875
6 0.46953125 0.6953125 0.0796875 0.25
6 0.16015625 0.5625 0.1921875 0.1875
6 0.02109375 0.6109375 0.0421875 0.2625
6 0.4296875 0.54921875 0.159375 0.1609375
6 0.4296875 0.934375 0.159375 0.13125
6 0.89453125 0.73984375 0.2109375 0.5203125
6 0.55625 0.83359375 0.09375 0.3328125
6 0.7125 0.8546875 0.19375 0.290625
6 0.68984375 0.6125 0.2265625 0.2875