6 0.3125 0.24453125 0.3125 0.4890625
6 0.76484375 0.11015625 0.4703125 0.2203125
6 0.7453125 0.34296875 0.509375 0.2921875
6 0.4875 0.45625 0.0375 0.065625
6 0.4015625 0.66484375 0.134375 0.3515625
6 0.11171875 0.79609375 0.2234375 0.3453125
6 0.14296875 0.96015625 0.2859375 0.0796875
6 0.66171875 0.89921875 0.2046875 0.2015625
6 0.51796875 0.90078125 0.0984375 0.1984375
6 0.61875 0.68359375 0.24765625 0.33671875
6 0.8375 0.65390625 0.22109375 0.3078125
6 0.93984375 0.93515625 0.1203125 0.1296875
6 0.81953125 0.88359375 0.1421875 0.2328125