8 0.1828125 0.5546875 0.15390625 0.23828125
8 0.2296875 0.38984375 0.21171875 0.125
8 0.340625 0.07421875 0.05625 0.1484375
8 0.98203125 0.23203125 0.0359375 0.2140625
8 0.7078125 0.1171875 0.11796875 0.1203125
8 0.61796875 0.29765625 0.11328125 0.196875
8 0.759375 0.44453125 0.12265625 0.09609375
8 0.8109375 0.57421875 0.14921875 0.14921875
8 0.9578125 0.61328125 0.084375 0.1390625
8 0.84140625 0.39296875 0.12734375 0.16796875
8 0.75 0.31015625 0.11796875 0.1703125
5 0.4171875 0.859375 0.096875 0.28125