6 0.25 0.18984375 0.5 0.3796875
6 0.81953125 0.25078125 0.3609375 0.2578125
6 0.3125 0.44765625 0.21875 0.1359375
6 0.565625 0.50859375 0.146875 0.2578125
6 0.54609375 0.69765625 0.1859375 0.3015625
6 0.2515625 0.7765625 0.2640625 0.27421875
6 0.43828125 0.9015625 0.1921875 0.196875
6 0.59140625 0.91171875 0.0953125 0.1765625
6 0.0765625 0.540625 0.153125 0.184375
6 0.0828125 0.7234375 0.165625 0.221875
6 0.0734375 0.90546875 0.146875 0.1890625
6 0.13671875 0.4328125 0.1578125 0.10625
6 0.9484375 0.60546875 0.103125 0.2328125
6 0.67890625 0.61328125 0.0796875 0.1609375