8 0.0328125 0.27734375 0.065625 0.2453125
8 0.13515625 0.08203125 0.1859375 0.1640625
8 0.4296875 0.2765625 0.1296875 0.18515625
8 0.21875 0.21171875 0.1421875 0.17578125
8 0.70078125 0.2 0.3828125 0.4
8 0.259375 0.53984375 0.134375 0.17578125
8 0.32265625 0.78359375 0.1734375 0.1703125
8 0.3578125 0.9609375 0.134375 0.078125
8 0.0390625 0.5109375 0.078125 0.221875
8 0.4875 0.5328125 0.04375 0.25625
8 0.86953125 0.6828125 0.1515625 0.1515625
8 0.91171875 0.95859375 0.1390625 0.0828125
8 0.91640625 0.5125 0.12734375 0.18046875