6 0.225 0.14375 0.209375 0.2875
6 0.36328125 0.27265625 0.0671875 0.1140625
6 0.48125 0.12265625 0.084375 0.134375
6 0.7984375 0.06171875 0.06015625 0.10078125
6 0.90859375 0.06640625 0.05078125 0.1203125
6 0.8078125 0.20546875 0.04296875 0.1109375
6 0.76796875 0.2765625 0.05546875 0.1078125
6 0.6265625 0.265625 0.07421875 0.08671875
6 0.571875 0.2921875 0.06484375 0.0890625
6 0.621875 0.334375 0.06015625 0.0984375
6 0.54375 0.3390625 0.06015625 0.08671875
6 0.5484375 0.39375 0.05 0.071875
6 0.42578125 0.371875 0.0578125 0.115625
6 0.70390625 0.39765625 0.0609375 0.0640625
6 0.63984375 0.4171875 0.0671875 0.025
6 0.396875 0.0671875 0.053125 0.1078125
6 0.6578125 0.02421875 0.096875 0.0484375
6 0.61328125 0.1203125 0.06953125 0.10078125
6 0.60234375 0.18515625 0.06953125 0.0890625
6 0.68984375 0.1265625 0.06484375 0.1109375
6 0.9109375 0.28359375 0.0359375 0.1078125
6 0.96953125 0.30625 0.0609375 0.09375
6 0.95703125 0.37890625 0.0671875 0.1015625
6 0.87109375 0.38046875 0.0609375 0.0984375
6 0.77421875 0.38984375 0.0578125 0.0796875
6 0.16484375 0.71484375 0.3296875 0.5703125
6 0.59296875 0.496875 0.1421875 0.134375
6 0.73671875 0.465625 0.0984375 0.071875
6 0.45546875 0.86640625 0.2515625 0.2671875
6 0.4140625 0.49375 0.115625 0.128125
6 0.6890625 0.91171875 0.1875 0.1765625
6 0.86796875 0.871875 0.08671875 0.178125
6 0.40390625 0.6203125 0.1484375 0.184375