7 0.14453125 0.075 0.2671875 0.15
7 0.4515625 0.0625 0.15625 0.125
7 0.49453125 0.2796875 0.0703125 0.440625
7 0.053125 0.303125 0.10625 0.39375
7 0.0875 0.25 0.175 0.5
7 0.371875 0.2515625 0.315625 0.496875
6 0.57578125 0.0625 0.0921875 0.125
6 0.71484375 0.02421875 0.0890625 0.0484375
6 0.93203125 0.1703125 0.0765625 0.1609375
6 0.9453125 0.45234375 0.109375 0.0953125
6 0.5421875 0.4296875 0.025 0.115625
6 0.62578125 0.446875 0.10078125 0.09375
7 0.4515625 0.75 0.15625 0.5
7 0.27421875 0.77421875 0.1828125 0.4515625
7 0.15859375 0.7515625 0.05546875 0.2046875
7 0.0625 0.828125 0.125 0.34375
7 0.9765625 0.76640625 0.046875 0.4078125