7 0.04140625 0.34296875 0.0828125 0.1140625
7 0.66484375 0.2 0.6703125 0.4
7 0.08046875 0.678125 0.1609375 0.165625
7 0.52578125 0.73359375 0.08203125 0.240625
7 0.6640625 0.85625 0.09140625 0.22578125
7 0.340625 0.53046875 0.021875 0.2453125
7 0.453125 0.4484375 0.17578125 0.084375
7 0.65078125 0.47109375 0.0796875 0.1421875
7 0.82734375 0.425 0.1828125 0.05
7 0.8609375 0.6296875 0.0765625 0.21875
7 0.86640625 0.9640625 0.0890625 0.071875
7 0.9609375 0.93359375 0.078125 0.0859375
7 0.97734375 0.74296875 0.0453125 0.2484375
7 0.8484375 0.81484375 0.209375 0.084375
7 0.58046875 0.97734375 0.2140625 0.0453125
7 0.36328125 0.953125 0.0671875 0.09375