7 0.29921875 0.16015625 0.11796875 0.1078125
7 0.43359375 0.1640625 0.1109375 0.075
7 0.0578125 0.22890625 0.115625 0.1515625
6 0.95078125 0.165625 0.0984375 0.26875
6 0.69140625 0.32265625 0.1703125 0.33671875
6 0.8546875 0.0765625 0.178125 0.153125
6 0.9203125 0.39609375 0.125 0.2671875
6 0.5625 0.36484375 0.146875 0.2390625
6 0.70625 0.03828125 0.084375 0.0765625
7 0.33359375 0.7359375 0.16796875 0.1734375
7 0.31171875 0.5859375 0.0765625 0.09140625
7 0.41796875 0.61015625 0.09140625 0.07421875
7 0.4359375 0.9625 0.10625 0.075
7 0.30078125 0.91953125 0.1703125 0.1609375
7 0.09765625 0.753125 0.1953125 0.16875
7 0.06171875 0.5734375 0.1234375 0.0875
7 0.675 0.77421875 0.371875 0.4515625