8 0.65859375 0.15859375 0.115625 0.084375
8 0.275 0.24921875 0.07421875 0.0890625
8 0.1953125 0.1890625 0.10546875 0.115625
8 0.284375 0.1453125 0.084375 0.1109375
8 0.353125 0.12734375 0.07421875 0.08203125
8 0.3625 0.209375 0.10078125 0.07421875
8 0.44921875 0.26953125 0.084375 0.10078125
8 0.128125 0.31953125 0.06484375 0.07421875
8 0.0390625 0.31171875 0.078125 0.1046875
8 0.1125 0.24140625 0.0671875 0.0625
8 0.21875 0.35 0.10546875 0.0796875
8 0.33984375 0.36328125 0.09140625 0.0796875
8 0.66953125 0.378125 0.1015625 0.08125
8 0.78671875 0.35 0.0796875 0.09609375
8 0.85390625 0.2609375 0.0296875 0.09375
8 0.8171875 0.07890625 0.103125 0.0953125
8 0.64296875 0.2515625 0.12734375 0.0625
8 0.71328125 0.29453125 0.10546875 0.0796875
8 0.60546875 0.3171875 0.10078125 0.0796875
8 0.90390625 0.08671875 0.0703125 0.1703125
5 0.440625 0.709375 0.634375 0.58125