6 0.06953125 0.159375 0.12265625 0.09140625
6 0.471875 0.2296875 0.05625 0.1
6 0.3140625 0.103125 0.09140625 0.071875
6 0.88125 0.02890625 0.09375 0.0578125
6 0.625 0.0203125 0.053125 0.040625
6 0.5109375 0.0375 0.021875 0.0625
6 0.8734375 0.21875 0.05078125 0.0765625
6 0.73203125 0.18359375 0.0484375 0.06015625
8 0.03828125 0.9125 0.0765625 0.175
8 0.153125 0.4890625 0.15859375 0.30546875
8 0.46953125 0.553125 0.0609375 0.36875
8 0.3 0.78671875 0.209375 0.4109375
8 0.65546875 0.7578125 0.3109375 0.484375
8 0.884375 0.84765625 0.23125 0.3046875