8 0.6546875 0.48125 0.06875 0.215625
8 0.32421875 0.28046875 0.18515625 0.303125
8 0.1140625 0.303125 0.13203125 0.2671875
8 0.01875 0.4359375 0.0375 0.175
8 0.18671875 0.52109375 0.1734375 0.1359375
8 0.865625 0.1140625 0.175 0.228125
8 0.7765625 0.40859375 0.175 0.3390625
5 0.2796875 0.6890625 0.1109375 0.16796875
5 0.0984375 0.74453125 0.18046875 0.2046875
5 0.58515625 0.8140625 0.17578125 0.2328125
5 0.46640625 0.6234375 0.1265625 0.06875
5 0.3359375 0.92578125 0.1375 0.1484375
5 0.40859375 0.75390625 0.1421875 0.1078125
5 0.5953125 0.6296875 0.13125 0.08125
8 0.9640625 0.91328125 0.071875 0.1609375
8 0.965625 0.75859375 0.06875 0.1609375