6 0.578125 0.14921875 0.221875 0.1890625
6 0.51328125 0.421875 0.3515625 0.334375
6 0.2671875 0.36640625 0.2453125 0.24296875
6 0.05078125 0.375 0.1015625 0.278125
6 0.0890625 0.50078125 0.178125 0.1765625
6 0.2734375 0.525 0.271875 0.128125
6 0.08359375 0.1328125 0.1671875 0.265625
6 0.3 0.078125 0.253125 0.15625
6 0.540625 0.05390625 0.290625 0.1078125
6 0.64765625 0.46875 0.0828125 0.240625
6 0.84453125 0.29453125 0.3109375 0.5890625
8 0.36171875 0.840625 0.3765625 0.31875
8 0.08359375 0.79453125 0.1671875 0.4109375
8 0.540625 0.70234375 0.184375 0.2265625
6 0.84453125 0.79453125 0.3109375 0.4109375