7 0.28515625 0.14453125 0.1890625 0.2890625
7 0.13671875 0.1234375 0.1515625 0.246875
7 0.4421875 0.215625 0.0984375 0.23828125
7 0.84453125 0.10078125 0.3109375 0.2015625
7 0.84453125 0.3125 0.3109375 0.178125
7 0.76796875 0.53671875 0.1578125 0.1640625
7 0.953125 0.49296875 0.09375 0.1453125
7 0.325 0.9234375 0.165625 0.11796875
7 0.14921875 0.85859375 0.11796875 0.0984375
7 0.3609375 0.71328125 0.146875 0.10078125
7 0.11796875 0.69609375 0.1828125 0.0734375
7 0.03515625 0.7390625 0.0703125 0.0875
7 0.02421875 0.9140625 0.0484375 0.125
7 0.5578125 0.7734375 0.14453125 0.103125
7 0.88671875 0.75234375 0.2265625 0.1859375
7 0.84453125 0.934375 0.3109375 0.13125