8 0.08671875 0.02890625 0.1078125 0.0578125
8 0.39453125 0.02265625 0.0921875 0.0453125
8 0.31484375 0.39453125 0.1203125 0.1484375
8 0.459375 0.38515625 0.09375 0.1671875
8 0.0703125 0.38828125 0.140625 0.1609375
8 0.0265625 0.21796875 0.053125 0.2015625
8 0.09453125 0.23671875 0.09375 0.12265625
8 0.3015625 0.20390625 0.103125 0.1515625
8 0.52734375 0.17265625 0.11328125 0.18046875
8 0.64140625 0.2234375 0.0359375 0.134375
5 0.8296875 0.234375 0.340625 0.46875
8 0.209375 0.5625 0.15 0.1875
8 0.6015625 0.55078125 0.115625 0.1640625
8 0.45546875 0.9125 0.1296875 0.146875
8 0.8296875 0.59375 0.340625 0.25