6 0.0609375 0.0921875 0.121875 0.184375
6 0.03359375 0.534375 0.0671875 0.228125
6 0.1125 0.4328125 0.225 0.29375
6 0.25546875 0.4109375 0.0890625 0.240625
6 0.43515625 0.16171875 0.1421875 0.2015625
6 0.57890625 0.1 0.0984375 0.2
6 0.91796875 0.49921875 0.1640625 0.3609375
6 0.9578125 0.271875 0.084375 0.184375
6 0.8015625 0.03359375 0.084375 0.0671875
6 0.36171875 0.55546875 0.1234375 0.2484375
6 0.53125 0.60078125 0.1875 0.1578125
6 0.71015625 0.5703125 0.08671875 0.178125
6 0.15 0.821875 0.3 0.284375
6 0.42265625 0.88046875 0.2453125 0.2390625
6 0.66328125 0.75625 0.6734375 0.153125
6 0.7921875 0.925 0.415625 0.15