8 0.23515625 0.24375 0.12265625 0.11796875
8 0.4109375 0.03046875 0.103125 0.0609375
8 0.5390625 0.4296875 0.071875 0.09609375
8 0.41015625 0.52734375 0.1078125 0.0453125
8 0.32421875 0.4046875 0.1109375 0.12265625
8 0.165625 0.53515625 0.115625 0.0296875
8 0.08515625 0.5078125 0.1265625 0.084375
8 0.05390625 0.3015625 0.1078125 0.146875
8 0.8046875 0.275 0.390625 0.55
8 0.19609375 0.79296875 0.11328125 0.12734375
8 0.05703125 0.9125 0.1140625 0.11875
8 0.475 0.5953125 0.084375 0.0671875
8 0.3234375 0.61875 0.084375 0.1375
8 0.68359375 0.75546875 0.1484375 0.4109375