8 0.38125 0.48125 0.04296875 0.0453125
8 0.3703125 0.3921875 0.04296875 0.03828125
8 0.6453125 0.34609375 0.196875 0.3265625
8 0.50078125 0.28671875 0.0640625 0.2828125
8 0.384375 0.79140625 0.15390625 0.1390625
8 0.4171875 0.59765625 0.103125 0.1765625
8 0.07421875 0.67421875 0.1484375 0.1828125
8 0.73125 0.54375 0.1625 0.06875
8 0.815625 0.57734375 0.10625 0.1359375
8 0.9375 0.7875 0.125 0.159375
8 0.98046875 0.5921875 0.0390625 0.1375
8 0.59765625 0.89453125 0.15390625 0.18515625
8 0.5859375 0.64453125 0.09609375 0.15390625
8 0.48828125 0.78984375 0.0390625 0.1953125
8 0.82265625 0.94765625 0.1828125 0.1046875