7 0.09296875 0.36953125 0.1859375 0.3203125
7 0.33203125 0.26484375 0.1546875 0.5296875
7 0.08125 0.053125 0.1625 0.10625
7 0.70625 0.090625 0.08125 0.18125
7 0.8453125 0.184375 0.09140625 0.22578125
7 0.47578125 0.29375 0.08671875 0.25703125
7 0.9625 0.1421875 0.075 0.084375
7 0.76171875 0.32734375 0.2140625 0.0890625
7 0.53984375 0.3640625 0.0765625 0.25703125
7 0.2046875 0.58046875 0.409375 0.1015625
7 0.065625 0.7796875 0.13125 0.125
7 0.5546875 0.578125 0.084375 0.096875
7 0.85390625 0.571875 0.2921875 0.084375