7 0.74765625 0.14453125 0.3921875 0.2890625
7 0.50546875 0.14453125 0.1515625 0.2890625
7 0.203125 0.95703125 0.115625 0.0859375
7 0.034375 0.81953125 0.06875 0.1171875
7 0.29921875 0.63984375 0.115625 0.103125
7 0.30625 0.86015625 0.246875 0.2796875
6 0.8203125 0.5546875 0.18046875 0.27421875
6 0.515625 0.7140625 0.171875 0.34375
6 0.68203125 0.434375 0.18046875 0.21640625
6 0.95390625 0.71484375 0.0921875 0.3421875
6 0.9546875 0.53515625 0.090625 0.2015625
6 0.74921875 0.803125 0.12734375 0.303125
6 0.53125 0.3859375 0.084375 0.15625