7 0.18984375 0.284375 0.3796875 0.56875
7 0.80234375 0.22109375 0.3953125 0.4421875
7 0.19453125 0.6125 0.1703125 0.0875
7 0.32265625 0.81484375 0.1140625 0.3703125
7 0.1890625 0.8109375 0.159375 0.378125
7 0.06171875 0.81796875 0.1234375 0.3640625
7 0.525 0.9390625 0.1375 0.121875
7 0.79609375 0.94375 0.08671875 0.1078125
7 0.54453125 0.7875 0.12265625 0.0984375
7 0.6390625 0.603125 0.15 0.06875
7 0.8515625 0.6015625 0.103125 0.065625
7 0.9375 0.83671875 0.125 0.0796875
7 0.8078125 0.82421875 0.1609375 0.0984375
7 0.43515625 0.62421875 0.1109375 0.1109375
7 0.40859375 0.70625 0.0578125 0.084375
7 0.70078125 0.6703125 0.1109375 0.0796875
7 0.9734375 0.97578125 0.053125 0.0484375
7 0.96953125 0.67578125 0.0609375 0.1203125