6 0.26484375 0.3921875 0.5296875 0.515625
6 0.853125 0.24375 0.2640625 0.27421875
6 0.971875 0.425 0.05625 0.309375
6 0.6421875 0.05 0.225 0.1
6 0.6484375 0.190625 0.2375 0.221875
6 0.64375 0.37890625 0.209375 0.2015625
6 0.72890625 0.5421875 0.2984375 0.215625
6 0.48984375 0.925 0.0796875 0.15
6 0.51484375 0.734375 0.0296875 0.103125
6 0.159375 0.959375 0.09375 0.08125
6 0.18984375 0.6796875 0.0828125 0.059375
6 0.053125 0.82265625 0.10625 0.1296875
6 0.0796875 0.921875 0.08671875 0.1109375
6 0.29765625 0.928125 0.09609375 0.115625
6 0.275 0.7421875 0.11328125 0.15390625
6 0.3921875 0.88359375 0.08671875 0.12734375
6 0.39296875 0.66328125 0.1078125 0.0265625
6 0.48046875 0.67265625 0.0671875 0.0453125
6 0.921875 0.825 0.15625 0.35
6 0.61328125 0.88671875 0.1671875 0.2265625