8 0.92109375 0.17578125 0.1578125 0.2484375
8 0.8390625 0.36640625 0.2046875 0.25703125
8 0.746875 0.1015625 0.1609375 0.18984375
8 0.88046875 0.07109375 0.1515625 0.1421875
8 0.46953125 0.0671875 0.1015625 0.134375
8 0.4671875 0.31953125 0.096875 0.3140625
8 0.546875 0.23046875 0.1390625 0.2328125
8 0.209375 0.7546875 0.41875 0.490625
8 0.209375 0.9078125 0.41875 0.184375
8 0.66484375 0.66796875 0.228125 0.3171875
8 0.66640625 0.8875 0.1421875 0.1875
8 0.928125 0.79921875 0.12734375 0.25
8 0.47734375 0.790625 0.1109375 0.1703125
8 0.43046875 0.584375 0.0234375 0.134375
8 0.9546875 0.5296875 0.090625 0.040625
8 0.88359375 0.69765625 0.178125 0.2359375
8 0.77578125 0.54296875 0.1796875 0.0671875
8 0.534375 0.553125 0.153125 0.0875