7 0.175 0.2171875 0.1421875 0.24765625
7 0.06328125 0.2140625 0.1265625 0.196875
7 0.38125 0.13046875 0.1875 0.2609375
7 0.64140625 0.13671875 0.2046875 0.2640625
7 0.86640625 0.4609375 0.1328125 0.196875
7 0.9109375 0.04609375 0.159375 0.0921875
7 0.915625 0.2421875 0.16875 0.23125
7 0.63984375 0.4234375 0.2015625 0.271875
7 0.3953125 0.66796875 0.225 0.2171875
7 0.50390625 0.91171875 0.0703125 0.1765625
7 0.3953125 0.971875 0.103125 0.05625
7 0.15078125 0.78359375 0.19453125 0.28828125
7 0.940625 0.66328125 0.11875 0.2078125
7 0.9421875 0.9078125 0.115625 0.184375
7 0.6328125 0.7796875 0.125 0.440625
7 0.75 0.846875 0.06875 0.30625