6 0.39921875 0.13359375 0.2203125 0.2671875
6 0.109375 0.19453125 0.21875 0.2734375
6 0.275 0.37734375 0.1921875 0.31015625
6 0.46953125 0.42578125 0.1796875 0.3671875
6 0.05625 0.49765625 0.1125 0.2234375
6 0.7484375 0.32265625 0.378125 0.5734375
8 0.4625 0.69765625 0.165625 0.1765625
8 0.19765625 0.803125 0.19453125 0.209375
8 0.39296875 0.93984375 0.1171875 0.1203125
8 0.02265625 0.653125 0.0453125 0.0875
8 0.03984375 0.859375 0.07421875 0.134375
6 0.64609375 0.67109375 0.1296875 0.1234375
6 0.809375 0.8953125 0.1 0.209375