6 0.159375 0.23984375 0.31875 0.4796875
6 0.6109375 0.0984375 0.20703125 0.178125
6 0.93515625 0.084375 0.1296875 0.16875
6 0.92890625 0.2625 0.1421875 0.16875
6 0.3984375 0.2953125 0.159375 0.23125
6 0.71796875 0.31953125 0.2140625 0.165625
6 0.859375 0.37890625 0.275 0.2015625
6 0.78203125 0.13046875 0.2546875 0.2609375
6 0.4171875 0.04453125 0.196875 0.0890625
6 0.159375 0.73984375 0.31875 0.5203125
6 0.82734375 0.615625 0.3453125 0.271875
6 0.8640625 0.85703125 0.271875 0.2859375
6 0.33671875 0.5640625 0.0359375 0.1625
6 0.44609375 0.68984375 0.134375 0.16328125
6 0.5546875 0.58203125 0.1078125 0.17578125