6 0.21484375 0.02734375 0.0546875 0.0546875
6 0.2140625 0.20234375 0.06484375 0.1421875
6 0.1171875 0.33203125 0.10546875 0.11796875
6 0.06328125 0.50625 0.1109375 0.146875
6 0.40078125 0.41875 0.10546875 0.103125
6 0.41640625 0.24453125 0.08203125 0.1390625
6 0.0328125 0.184375 0.065625 0.08125
6 0.33359375 0.89140625 0.2046875 0.2171875
6 0.11953125 0.89296875 0.2390625 0.2140625
6 0.28984375 0.7078125 0.2484375 0.25625
6 0.08515625 0.6859375 0.1703125 0.2125
6 0.56484375 0.67890625 0.2109375 0.1984375