6 0.03203125 0.340625 0.0640625 0.221875
6 0.059375 0.1984375 0.10546875 0.1875
6 0.16484375 0.10859375 0.1015625 0.2171875
6 0.2546875 0.3859375 0.08203125 0.146875
6 0.31328125 0.43125 0.0703125 0.115625
6 0.43984375 0.4171875 0.1046875 0.14375
6 0.5234375 0.3921875 0.053125 0.190625
6 0.18125 0.3390625 0.0796875 0.1515625
7 0.62890625 0.24453125 0.1578125 0.4890625
7 0.83046875 0.0828125 0.1984375 0.165625
6 0.30546875 0.6984375 0.4890625 0.41875
7 0.89921875 0.51796875 0.1265625 0.0578125
7 0.58125 0.509375 0.0625 0.040625