7 0.31640625 0.26640625 0.3046875 0.2671875
6 0.8109375 0.2109375 0.06953125 0.09140625
6 0.90859375 0.053125 0.0890625 0.09140625
6 0.8296875 0.37890625 0.084375 0.0421875
6 0.55546875 0.07734375 0.0578125 0.12265625
6 0.4921875 0.2328125 0.046875 0.096875
6 0.64609375 0.0328125 0.0796875 0.065625
6 0.971875 0.01796875 0.05625 0.0359375
7 0.16953125 0.51015625 0.3390625 0.2203125
7 0.08046875 0.83515625 0.1609375 0.3296875
6 0.53359375 0.79375 0.1296875 0.4125
6 0.628125 0.89296875 0.31875 0.2140625
6 0.76484375 0.9375 0.4703125 0.125