8 0.40546875 0.05546875 0.1140625 0.1109375
8 0.2640625 0.1265625 0.11328125 0.15390625
8 0.33984375 0.2671875 0.084375 0.16328125
8 0.090625 0.1375 0.06484375 0.08671875
8 0.95546875 0.26640625 0.0890625 0.1671875
8 0.96484375 0.13828125 0.0703125 0.1203125
8 0.55859375 0.17890625 0.0984375 0.1703125
8 0.640625 0.07578125 0.12734375 0.12265625
8 0.6984375 0.25 0.08203125 0.125
8 0.28046875 0.7765625 0.19921875 0.24765625
8 0.45390625 0.403125 0.1109375 0.10625
8 0.3359375 0.459375 0.178125 0.21875
8 0.11640625 0.39296875 0.1015625 0.0859375
8 0.05078125 0.45234375 0.1015625 0.1515625
8 0.0484375 0.76015625 0.096875 0.1265625
8 0.8359375 0.73359375 0.17578125 0.2546875
8 0.97734375 0.42578125 0.0453125 0.1421875
8 0.95078125 0.9390625 0.0984375 0.121875
8 0.96875 0.8234375 0.0625 0.184375
8 0.846875 0.5484375 0.10078125 0.18046875
8 0.73125 0.44453125 0.13671875 0.09375
8 0.5890625 0.5859375 0.14453125 0.16796875
8 0.6078125 0.3671875 0.115625 0.034375
8 0.79140625 0.3703125 0.2484375 0.040625
8 0.65546875 0.74140625 0.103125 0.11796875
8 0.5390625 0.80390625 0.059375 0.0984375
8 0.54765625 0.9671875 0.0765625 0.065625