6 0.09375 0.0375 0.084375 0.075
6 0.4203125 0.09140625 0.04296875 0.1109375
6 0.38046875 0.1625 0.05546875 0.1078125
6 0.2390625 0.1515625 0.07421875 0.08671875
6 0.184375 0.178125 0.06484375 0.0890625
6 0.234375 0.2203125 0.06015625 0.0984375
6 0.15625 0.225 0.06015625 0.08671875
6 0.16171875 0.2890625 0.05078125 0.0890625
6 0.05 0.35390625 0.0578125 0.12265625
6 0.03828125 0.26328125 0.0578125 0.125
6 0.45546875 0.45390625 0.0484375 0.0703125
6 0.3171875 0.30078125 0.06015625 0.09609375
6 0.253125 0.34375 0.0671875 0.10546875
6 0.26796875 0.4515625 0.0796875 0.075
6 0.15859375 0.45703125 0.0921875 0.0640625
6 0.02578125 0.43125 0.0515625 0.10625
6 0.225 0.028125 0.06875 0.05625
6 0.21484375 0.07109375 0.06953125 0.0890625
6 0.3015625 0.03359375 0.065625 0.0671875
6 0.46640625 0.26796875 0.0265625 0.1015625
6 0.38671875 0.2890625 0.0578125 0.10546875
6 0.36640625 0.4296875 0.0625 0.0984375
6 0.73984375 0.24453125 0.5203125 0.4890625
6 0.41953125 0.53828125 0.1203125 0.0984375
6 0.26015625 0.53203125 0.1796875 0.0859375
6 0.08046875 0.55078125 0.1609375 0.1234375
6 0.05703125 0.71328125 0.1140625 0.1515625
6 0.25390625 0.69765625 0.240625 0.1828125
6 0.4328125 0.6921875 0.09375 0.1375
6 0.09375 0.88984375 0.1875 0.1609375
6 0.2921875 0.89609375 0.15390625 0.13671875
6 0.43359375 0.90078125 0.0921875 0.1921875
6 0.73984375 0.74453125 0.5203125 0.5109375