6 0.49140625 0.12421875 0.2421875 0.2484375
6 0.5765625 0.47421875 0.084375 0.2421875
6 0.571875 0.63125 0.09375 0.096875
6 0.4703125 0.471875 0.13203125 0.23046875
6 0.36796875 0.3609375 0.2671875 0.41796875
6 0.1359375 0.321875 0.1421875 0.28828125
6 0.078125 0.603125 0.15625 0.153125
6 0.86328125 0.31015625 0.1734375 0.146875
6 0.64453125 0.5734375 0.0515625 0.165625
6 0.775 0.65703125 0.209375 0.0453125
6 0.734375 0.134375 0.23125 0.26875
6 0.3921875 0.88984375 0.178125 0.2203125
6 0.95859375 0.75546875 0.0828125 0.1515625
6 0.71953125 0.78671875 0.13671875 0.19453125