6 0.06640625 0.16640625 0.1328125 0.2546875
6 0.11171875 0.0734375 0.2109375 0.146875
6 0.36171875 0.06328125 0.1546875 0.1265625
6 0.10390625 0.31171875 0.1984375 0.1359375
6 0.4890625 0.09296875 0.1 0.1859375
6 0.62265625 0.20234375 0.2109375 0.3546875
6 0.4828125 0.26953125 0.0875 0.2203125
6 0.70859375 0.02109375 0.1140625 0.0421875
6 0.7890625 0.10546875 0.15625 0.2109375
6 0.8109375 0.334375 0.146875 0.090625
6 0.32734375 0.5828125 0.2234375 0.40625
6 0.103125 0.61484375 0.20625 0.4703125
6 0.071875 0.85859375 0.14375 0.2828125
6 0.2546875 0.7921875 0.36875 0.321875
6 0.353125 0.91875 0.171875 0.1625
6 0.59296875 0.54140625 0.21875 0.23828125
6 0.78984375 0.453125 0.2953125 0.146875
6 0.86015625 0.5203125 0.16796875 0.18984375