7 0.46015625 0.10546875 0.0984375 0.2109375
7 0.23125 0.1078125 0.184375 0.215625
7 0.0828125 0.1078125 0.153125 0.215625
7 0.04609375 0.30703125 0.0921875 0.2390625
7 0.0796875 0.48359375 0.146875 0.1703125
7 0.21640625 0.47734375 0.1453125 0.1828125
7 0.1484375 0.3015625 0.1609375 0.23046875
7 0.28671875 0.29921875 0.1390625 0.2453125
7 0.35390625 0.47890625 0.1515625 0.1796875
7 0.4640625 0.47890625 0.090625 0.1796875
7 0.490625 0.32265625 0.0375 0.2890625
7 0.56171875 0.346875 0.1046875 0.30625
7 0.9578125 0.15703125 0.084375 0.2703125
7 0.7734375 0.41015625 0.11796875 0.18046875
7 0.8609375 0.47265625 0.125 0.1921875
7 0.296875 0.784375 0.425 0.43125
7 0.6609375 0.66953125 0.2546875 0.19921875
7 0.778125 0.8453125 0.25234375 0.2015625
7 0.93984375 0.8515625 0.1203125 0.19375
7 0.58125 0.86484375 0.14375 0.1828125
7 0.8796875 0.6734375 0.240625 0.184375