8 0.02578125 0.38125 0.0515625 0.15625
8 0.23984375 0.36953125 0.13671875 0.1734375
8 0.7 0.21484375 0.6 0.4296875
8 0.78671875 0.3453125 0.4265625 0.228125
8 0.5421875 0.21953125 0.284375 0.4390625
8 0.2 0.7296875 0.4 0.540625
8 0.7796875 0.52421875 0.084375 0.11796875
8 0.9046875 0.525 0.0765625 0.10078125
8 0.98046875 0.51328125 0.0390625 0.1078125
8 0.6921875 0.74140625 0.0625 0.103125
8 0.63046875 0.74140625 0.06953125 0.10546875
8 0.4203125 0.528125 0.040625 0.1125
8 0.95078125 0.95625 0.0984375 0.0875
8 0.83125 0.77265625 0.07421875 0.084375
8 0.8265625 0.65390625 0.0625 0.0984375
8 0.759375 0.6875 0.06953125 0.08203125
8 0.6953125 0.58984375 0.1296875 0.11796875
8 0.96171875 0.80546875 0.0765625 0.0671875
8 0.7625 0.896875 0.103125 0.10078125
8 0.984375 0.63671875 0.03125 0.1078125
8 0.603125 0.48046875 0.0625 0.0421875
8 0.44609375 0.81328125 0.0921875 0.1140625
8 0.421875 0.96953125 0.04375 0.0609375
8 0.5875 0.9765625 0.06875 0.046875
8 0.86640625 0.9703125 0.0796875 0.059375
8 0.925 0.86328125 0.06015625 0.06953125
8 0.90859375 0.71875 0.05078125 0.1296875
8 0.4890625 0.63203125 0.05546875 0.09609375
8 0.503125 0.72734375 0.06484375 0.06484375
8 0.415625 0.63046875 0.03125 0.0578125
8 0.4875 0.9203125 0.06484375 0.06015625
8 0.56328125 0.80859375 0.07421875 0.06953125
8 0.6796875 0.86796875 0.08203125 0.09140625
8 0.69609375 0.96796875 0.0671875 0.0640625