8 0.2375 0.23125 0.4625 0.4625
8 0.54296875 0.3390625 0.084375 0.1296875
8 0.93203125 0.47265625 0.12734375 0.15390625
8 0.8171875 0.20625 0.07421875 0.11328125
8 0.740625 0.5328125 0.121875 0.034375
8 0.628125 0.23203125 0.071875 0.1078125
8 0.565625 0.14921875 0.0890625 0.1921875
8 0.234375 0.79296875 0.46875 0.4140625
8 0.771875 0.7921875 0.08203125 0.11796875
8 0.64765625 0.79296875 0.0765625 0.10078125
8 0.61796875 0.60234375 0.0796875 0.1046875
8 0.55625 0.7703125 0.06953125 0.12734375
8 0.8578125 0.978125 0.0625 0.04375
8 0.91875 0.97734375 0.06875 0.0453125
8 0.725 0.9203125 0.0625 0.09609375
8 0.7921875 0.95390625 0.06953125 0.0796875
8 0.8546875 0.8578125 0.12734375 0.115625
8 0.91484375 0.61171875 0.0796875 0.06953125
8 0.72109375 0.5765625 0.0828125 0.053125
8 0.58359375 0.5625 0.0859375 0.025
8 0.54921875 0.90390625 0.06953125 0.10546875
8 0.475 0.6765625 0.0125 0.09375
8 0.71015625 0.6875 0.08671875 0.08203125
8 0.946875 0.73671875 0.0625 0.06953125
8 0.64296875 0.96015625 0.0515625 0.0796875
8 0.7953125 0.68359375 0.08671875 0.09609375
8 0.9921875 0.67890625 0.015625 0.0859375
8 0.48125 0.9703125 0.025 0.059375