6 0.3890625 0.3140625 0.5 0.590625
6 0.74921875 0.08125 0.2203125 0.1625
6 0.9578125 0.18828125 0.084375 0.2421875
6 0.95390625 0.47578125 0.06484375 0.11328125
6 0.75078125 0.5171875 0.08671875 0.18046875
6 0.31953125 0.8046875 0.6390625 0.390625
6 0.89765625 0.68203125 0.1109375 0.1453125
6 0.71796875 0.6609375 0.0890625 0.103125
6 0.8984375 0.7875 0.1109375 0.14453125
6 0.9546875 0.91484375 0.0875 0.1703125
6 0.76328125 0.8859375 0.103125 0.18515625
6 0.665625 0.7484375 0.053125 0.225
6 0.79140625 0.6546875 0.0703125 0.090625