8 0.26953125 0.29921875 0.5390625 0.5984375
8 0.6625 0.02734375 0.246875 0.0546875
8 0.66640625 0.146875 0.2546875 0.146875
8 0.66171875 0.3140625 0.2453125 0.159375
8 0.6796875 0.4984375 0.28125 0.178125
8 0.49609375 0.9578125 0.0859375 0.084375
8 0.45234375 0.725 0.0984375 0.13125
8 0.3953125 0.81484375 0.12734375 0.146875
8 0.17109375 0.71640625 0.1109375 0.1140625
8 0.04453125 0.67109375 0.0890625 0.0234375
8 0.03515625 0.89765625 0.0671875 0.15859375
8 0.23671875 0.83046875 0.10546875 0.165625
8 0.21875 0.96171875 0.103125 0.0765625
8 0.51171875 0.81875 0.0546875 0.1375
8 0.15546875 0.8375 0.125 0.14921875
8 0.84296875 0.80625 0.1078125 0.11796875