6 0.75390625 0.06328125 0.1421875 0.1265625
6 0.97890625 0.1375 0.0421875 0.159375
6 0.86171875 0.33046875 0.1015625 0.1171875
6 0.56796875 0.2140625 0.27890625 0.2359375
6 0.39765625 0.16328125 0.0953125 0.2546875
6 0.1171875 0.690625 0.12734375 0.2140625
6 0.20390625 0.49453125 0.1078125 0.2109375
6 0.2734375 0.78203125 0.1296875 0.13671875
6 0.06015625 0.98125 0.1015625 0.0375
6 0.65625 0.48046875 0.09140625 0.09140625
6 0.72578125 0.56484375 0.103125 0.11796875
6 0.80234375 0.4265625 0.0796875 0.075
6 0.7921875 0.49296875 0.084375 0.0671875
6 0.890625 0.5375 0.1078125 0.1296875
6 0.84296875 0.7046875 0.084375 0.14921875
6 0.7125 0.74609375 0.10078125 0.09609375
6 0.60859375 0.7328125 0.0671875 0.0765625
6 0.50859375 0.69921875 0.0671875 0.1296875
6 0.434375 0.7203125 0.0890625 0.09609375
6 0.396875 0.5140625 0.09375 0.13671875
6 0.36875 0.48046875 0.0375 0.1109375
6 0.87109375 0.4046875 0.1015625 0.03125
6 0.96875 0.55234375 0.0625 0.0765625
6 0.94453125 0.68984375 0.084375 0.053125
6 0.64296875 0.88203125 0.15390625 0.09140625
6 0.5484375 0.865625 0.0890625 0.1109375
6 0.49765625 0.80078125 0.07421875 0.1109375
6 0.4390625 0.80859375 0.06015625 0.14921875
6 0.37890625 0.77109375 0.0578125 0.1015625
6 0.55078125 0.43359375 0.071875 0.0625