6 0.0890625 0.109375 0.178125 0.21875
6 0.11953125 0.20859375 0.16796875 0.26171875
6 0.4265625 0.10703125 0.065625 0.2140625
6 0.415625 0.3125 0.0875 0.2125
6 0.9546875 0.209375 0.090625 0.41875
6 0.1609375 0.61484375 0.16328125 0.21171875
6 0.321875 0.9046875 0.178125 0.15859375
6 0.4359375 0.45390625 0.046875 0.0703125
6 0.43984375 0.78671875 0.0390625 0.1515625
6 0.30390625 0.7828125 0.084375 0.1421875
6 0.33515625 0.51640625 0.0984375 0.178125
6 0.22265625 0.45546875 0.0859375 0.0734375
6 0.0453125 0.6390625 0.090625 0.2
6 0.0234375 0.75078125 0.046875 0.1421875
6 0.06875 0.84921875 0.0984375 0.22578125
6 0.17109375 0.8890625 0.13203125 0.2046875
6 0.7125 0.709375 0.50625 0.58125
6 0.9203125 0.91953125 0.159375 0.1609375
6 0.96875 0.6890625 0.0625 0.540625