7 0.30390625 0.24921875 0.3109375 0.4984375
7 0.721875 0.05 0.246875 0.1
7 0.58984375 0.2015625 0.2609375 0.215625
7 0.5296875 0.3796875 0.140625 0.18125
7 0.84765625 0.20625 0.26953125 0.20703125
7 0.53828125 0.06015625 0.1578125 0.1203125
7 0.59296875 0.47265625 0.2671875 0.0546875
7 0.76171875 0.39453125 0.19921875 0.2015625
6 0.1765625 0.83515625 0.1609375 0.209375
6 0.3171875 0.8765625 0.175 0.246875
6 0.4359375 0.79453125 0.046875 0.3109375
6 0.2453125 0.61640625 0.25234375 0.1734375
6 0.05546875 0.66484375 0.1109375 0.1703125
6 0.153125 0.96328125 0.184375 0.0734375
7 0.83984375 0.74765625 0.3203125 0.4953125
7 0.56640625 0.73203125 0.2140625 0.4640625