6 0.11171875 0.15078125 0.2234375 0.1890625
6 0.51796875 0.1921875 0.0796875 0.11328125
6 0.6421875 0.05390625 0.084375 0.1078125
6 0.95859375 0.01484375 0.0609375 0.0296875
6 0.96875 0.12421875 0.04296875 0.1109375
6 0.92890625 0.1953125 0.05546875 0.1078125
6 0.7875 0.184375 0.07421875 0.08671875
6 0.7328125 0.2109375 0.06484375 0.0890625
6 0.7828125 0.253125 0.06015625 0.0984375
6 0.7046875 0.2578125 0.06015625 0.08671875
6 0.71015625 0.321875 0.05078125 0.0890625
6 0.59765625 0.346875 0.0578125 0.04375
6 0.58671875 0.29609375 0.0578125 0.125
6 0.44296875 0.3109375 0.0484375 0.115625
6 0.86484375 0.3265625 0.0609375 0.084375
6 0.80078125 0.34609375 0.0671875 0.0453125
6 0.5578125 0.01953125 0.053125 0.0390625
6 0.7734375 0.04453125 0.06875 0.0890625
6 0.76328125 0.10390625 0.06953125 0.0890625
6 0.85 0.05 0.065625 0.1
6 0.93515625 0.31875 0.0578125 0.1
6 0.44140625 0.05625 0.0640625 0.10625
6 0.04140625 0.54765625 0.0828125 0.3578125
6 0.23984375 0.71953125 0.3390625 0.5546875
6 0.81015625 0.60390625 0.20703125 0.165625
6 0.6015625 0.65078125 0.1515625 0.18984375
6 0.43671875 0.56328125 0.0546875 0.1765625
6 0.5921875 0.3765625 0.065625 0.015625
6 0.71796875 0.3875 0.1109375 0.0375
6 0.9421875 0.44375 0.08203125 0.103125
6 0.98515625 0.4609375 0.0296875 0.121875