8 0.140625 0.09453125 0.11328125 0.0984375
8 0.2171875 0.1515625 0.12265625 0.1296875
8 0.0234375 0.1015625 0.046875 0.13125
8 0.171875 0.4453125 0.1375 0.0875
8 0.2578125 0.31640625 0.1828125 0.16328125
8 0.33984375 0.453125 0.2171875 0.071875
8 0.08046875 0.21328125 0.08671875 0.10078125
8 0.13203125 0.3421875 0.084375 0.1203125
8 0.56796875 0.04765625 0.1578125 0.0953125
8 0.96015625 0.1421875 0.0796875 0.15
8 0.93671875 0.32890625 0.1265625 0.2203125
8 0.60859375 0.21015625 0.2390625 0.2921875
8 0.60234375 0.4359375 0.1453125 0.10625
8 0.24921875 0.97734375 0.1046875 0.0453125
8 0.428125 0.8921875 0.0765625 0.1296875
8 0.253125 0.68828125 0.125 0.15625
8 0.14453125 0.540625 0.0796875 0.103125
8 0.23203125 0.840625 0.0765625 0.1109375
8 0.06953125 0.82265625 0.10546875 0.146875
8 0.74453125 0.85390625 0.5109375 0.2921875