7 0.43203125 0.23671875 0.38671875 0.33671875
7 0.1375 0.2140625 0.275 0.384375
7 0.2484375 0.03828125 0.35 0.0765625
7 0.51875 0.0484375 0.28125 0.096875
7 0.0515625 0.46875 0.103125 0.2625
7 0.190625 0.46875 0.25 0.21640625
7 0.25078125 0.5578125 0.3890625 0.084375
7 0.5390625 0.55703125 0.240625 0.0859375
7 0.4796875 0.4453125 0.359375 0.221875
6 0.91015625 0.30859375 0.1796875 0.4546875
6 0.715625 0.48359375 0.1125 0.2328125
7 0.3296875 0.8 0.659375 0.4
7 0.8296875 0.79921875 0.340625 0.3984375