8 0.58359375 0.13203125 0.0515625 0.2140625
8 0.4625 0.12578125 0.14375 0.2515625
8 0.25625 0.29375 0.17578125 0.15390625
8 0.0765625 0.28671875 0.153125 0.3046875
6 0.71640625 0.16953125 0.2140625 0.1828125
6 0.63984375 0.34609375 0.0609375 0.2328125
6 0.9234375 0.37421875 0.153125 0.2890625
6 0.88515625 0.06953125 0.1953125 0.1390625
6 0.41640625 0.7734375 0.2046875 0.146875
6 0.5484375 0.94140625 0.121875 0.1171875
6 0.14296875 0.92578125 0.1484375 0.1484375
6 0.29453125 0.97421875 0.1921875 0.0515625
6 0.1796875 0.778125 0.23125 0.15625
6 0.8046875 0.85 0.390625 0.3