6 0.03515625 0.4484375 0.0703125 0.203125
6 0.2125 0.45 0.1734375 0.16796875
6 0.0875 0.1078125 0.12734375 0.21171875
6 0.2515625 0.0328125 0.115625 0.065625
6 0.3609375 0.10546875 0.084375 0.2109375
6 0.96640625 0.1671875 0.0671875 0.071875
6 0.98046875 0.28203125 0.0390625 0.0734375
6 0.90546875 0.28125 0.11328125 0.115625
6 0.95625 0.46953125 0.0875 0.1140625
6 0.740625 0.38359375 0.13671875 0.0890625
6 0.57578125 0.078125 0.14453125 0.12734375
6 0.57734375 0.24453125 0.0796875 0.084375
6 0.5234375 0.440625 0.1515625 0.08671875
8 0.046875 0.77734375 0.09375 0.3890625
8 0.19921875 0.684375 0.3203125 0.26875
8 0.240625 0.8515625 0.3375 0.296875
6 0.7046875 0.775 0.590625 0.45