5 0.24765625 0.31953125 0.4953125 0.1984375
5 0.79453125 0.209375 0.4109375 0.41875
5 0.29453125 0.709375 0.5890625 0.58125
5 0.83984375 0.9671875 0.1046875 0.065625
5 0.97109375 0.50703125 0.0578125 0.1296875
5 0.73984375 0.715625 0.0453125 0.09375
5 0.90546875 0.69921875 0.040625 0.11796875
5 0.74375 0.57890625 0.05078125 0.1203125
5 0.61328125 0.5625 0.0484375 0.08125
5 0.61171875 0.659375 0.0453125 0.0625
5 0.6765625 0.97734375 0.096875 0.0453125
5 0.73984375 0.83125 0.06484375 0.07421875
5 0.809375 0.7640625 0.040625 0.0578125
5 0.8515625 0.5796875 0.0484375 0.09375
5 0.96796875 0.9671875 0.0640625 0.065625
5 0.63671875 0.84765625 0.06953125 0.11328125
5 0.99140625 0.678125 0.0171875 0.084375