8 0.40625 0.2515625 0.13671875 0.178125
8 0.34140625 0.49765625 0.17578125 0.1703125
8 0.61875 0.1953125 0.0625 0.275
8 0.12890625 0.24453125 0.13671875 0.26171875
8 0.04765625 0.353125 0.0953125 0.4875
8 0.6765625 0.14296875 0.053125 0.1015625
8 0.7578125 0.12109375 0.06953125 0.1296875
8 0.7140625 0.578125 0.103125 0.09140625
8 0.92734375 0.51875 0.10546875 0.09609375
8 0.93359375 0.18125 0.08203125 0.11796875
8 0.8859375 0.2390625 0.084375 0.103125
8 0.990625 0.30078125 0.01875 0.0734375
8 0.734375 0.42421875 0.0984375 0.0671875
8 0.765625 0.25546875 0.06953125 0.1078125
8 0.86171875 0.0359375 0.0578125 0.071875
8 0.72890625 0.659375 0.1109375 0.040625
8 0.65859375 0.6 0.0171875 0.08125
8 0.6859375 0.48203125 0.06015625 0.06953125
8 0.671875 0.33671875 0.04375 0.1296875
8 0.79453125 0.596875 0.07421875 0.09609375
8 0.84921875 0.3328125 0.05546875 0.0796875
8 0.1546875 0.83984375 0.309375 0.3203125
8 0.4515625 0.83984375 0.290625 0.3203125
8 0.825 0.82109375 0.35 0.2828125