8 0.26875 0.44765625 0.12734375 0.21875
8 0.03203125 0.3328125 0.0640625 0.209375
8 0.06484375 0.05 0.0984375 0.1
8 0.12265625 0.125 0.12734375 0.14921875
8 0.35 0.040625 0.1125 0.08125
8 0.471875 0.20703125 0.034375 0.1640625
8 0.39375 0.521875 0.06953125 0.14453125
8 0.4328125 0.77421875 0.09375 0.0890625
8 0.284375 0.13984375 0.10546875 0.16796875
8 0.1328125 0.5390625 0.0984375 0.1828125
8 0.1375 0.74765625 0.06875 0.1421875
8 0.31640625 0.78046875 0.1140625 0.0765625
8 0.3671875 0.38515625 0.084375 0.1203125
8 0.30234375 0.31171875 0.10546875 0.15390625
8 0.15625 0.37421875 0.09140625 0.134375
8 0.01484375 0.12890625 0.0296875 0.1390625
8 0.04609375 0.76796875 0.0609375 0.1015625
8 0.3671875 0.1484375 0.12734375 0.15390625
8 0.6703125 0.2109375 0.33203125 0.37265625
8 0.9046875 0.4046875 0.190625 0.809375
8 0.83671875 0.61953125 0.3265625 0.3984375
8 0.59453125 0.61484375 0.2109375 0.3078125
8 0.5140625 0.54609375 0.05 0.4234375
8 0.24765625 0.87109375 0.1515625 0.1046875
8 0.41875 0.95625 0.140625 0.0875
8 0.74453125 0.909375 0.5109375 0.18125