5 0.24765625 0.0546875 0.2328125 0.109375
5 0.31484375 0.24453125 0.1703125 0.196875
5 0.30078125 0.41796875 0.1140625 0.1234375
5 0.1140625 0.4375 0.1875 0.084375
5 0.01796875 0.3375 0.0359375 0.209375
5 0.0578125 0.18828125 0.115625 0.1765625
5 0.45625 0.01875 0.196875 0.0375
5 0.49453125 0.27890625 0.1296875 0.2671875
5 0.434375 0.46796875 0.15 0.0234375
8 0.8484375 0.40546875 0.271875 0.1484375
8 0.85234375 0.12578125 0.2234375 0.2515625
8 0.9765625 0.0953125 0.046875 0.190625
8 0.609375 0.12890625 0.1 0.2578125
8 0.325 0.88203125 0.10078125 0.17578125
8 0.20703125 0.8921875 0.11328125 0.15625
8 0.1578125 0.59296875 0.0984375 0.1203125
8 0.0703125 0.975 0.128125 0.05
8 0.45703125 0.9015625 0.165625 0.1875
5 0.96875 0.7265625 0.0625 0.221875
5 0.81171875 0.7046875 0.178125 0.1828125
5 0.8171875 0.8484375 0.2953125 0.1703125