6 0.590625 0.20859375 0.446875 0.4171875
6 0.89921875 0.1328125 0.2015625 0.265625
6 0.88046875 0.3453125 0.2390625 0.209375
6 0.5296875 0.36328125 0.459375 0.1734375
6 0.61875 0.375 0.0984375 0.1296875
6 0.35625 0.11171875 0.09375 0.12265625
6 0.06953125 0.8359375 0.1390625 0.315625
6 0.0546875 0.6203125 0.109375 0.284375
6 0.1328125 0.5046875 0.146875 0.109375
6 0.2515625 0.56796875 0.096875 0.2359375
6 0.16796875 0.6390625 0.1828125 0.2140625
6 0.21171875 0.8078125 0.1765625 0.315625
6 0.41484375 0.7125 0.134375 0.27421875
6 0.634375 0.728125 0.21171875 0.3390625
6 0.7453125 0.85546875 0.15625 0.2890625
6 0.90546875 0.8265625 0.1890625 0.346875
6 0.8984375 0.578125 0.203125 0.25625
6 0.35 0.83984375 0.1 0.3203125
6 0.5421875 0.94140625 0.246875 0.1171875