6 0.48984375 0.3609375 0.1984375 0.196875
6 0.184375 0.31796875 0.36875 0.2828125
6 0.72890625 0.2296875 0.2796875 0.459375
6 0.2703125 0.778125 0.540625 0.44375
6 0.76328125 0.89375 0.0796875 0.11328125
6 0.8875 0.74296875 0.084375 0.134375
6 0.96875 0.578125 0.06015625 0.0984375
6 0.97265625 0.91171875 0.0546875 0.0890625
6 0.94921875 0.9578125 0.0609375 0.084375
6 0.9546875 0.9890625 0.05 0.021875
6 0.83203125 0.9671875 0.0578125 0.065625
6 0.68828125 0.97734375 0.0484375 0.0453125
6 0.66328125 0.63515625 0.0796875 0.0796875
6 0.61015625 0.51484375 0.0421875 0.1078125
6 0.803125 0.6875 0.053125 0.1078125
6 0.740625 0.5546875 0.053125 0.06953125
6 0.77109375 0.50859375 0.1078125 0.0984375
6 0.82109375 0.55703125 0.0625 0.06953125
6 0.87734375 0.5328125 0.06484375 0.0984375
6 0.9921875 0.73984375 0.015625 0.1015625
6 0.98671875 0.80546875 0.0265625 0.0890625
6 0.59609375 0.8734375 0.0140625 0.115625
6 0.6828125 0.75859375 0.071875 0.10546875