7 0.44765625 0.0984375 0.1953125 0.196875
7 0.2921875 0.0984375 0.159375 0.196875
7 0.1484375 0.0984375 0.1625 0.196875
7 0.21953125 0.29375 0.16796875 0.25
7 0.08046875 0.3 0.1609375 0.25
7 0.2890625 0.44375 0.153125 0.1125
7 0.43359375 0.4375 0.1515625 0.125
7 0.36015625 0.28671875 0.1703125 0.240625
7 0.49140625 0.28359375 0.1171875 0.2578125
7 0.04921875 0.10703125 0.0984375 0.2140625
7 0.14609375 0.45078125 0.1546875 0.0984375
7 0.040625 0.4453125 0.08125 0.109375
7 0.88203125 0.14921875 0.1890625 0.2984375
7 0.73359375 0.128125 0.1515625 0.25625
7 0.4 0.778125 0.2453125 0.271875
7 0.13046875 0.97109375 0.1203125 0.0578125
7 0.6140625 0.72734375 0.128125 0.4546875
7 0.8 0.7640625 0.19375 0.471875