6 0.171875 0.16328125 0.06484375 0.1421875
6 0.075 0.29296875 0.10546875 0.11796875
6 0.03828125 0.4671875 0.0765625 0.146875
6 0.321875 0.3796875 0.034375 0.103125
6 0.01171875 0.1453125 0.0234375 0.08125
6 0.43984375 0.2953125 0.2015625 0.528125
6 0.66953125 0.0515625 0.6609375 0.103125
6 0.78984375 0.3125 0.4203125 0.384375
6 0.12578125 0.90078125 0.2515625 0.1984375
6 0.26875 0.78515625 0.140625 0.4109375
6 0.07109375 0.67890625 0.1421875 0.2390625
6 0.3765625 0.659375 0.075 0.2
6 0.5421875 0.66328125 0.2140625 0.196875
6 0.74609375 0.66171875 0.1921875 0.2046875
6 0.92421875 0.653125 0.1515625 0.1875
6 0.89921875 0.87734375 0.1921875 0.22578125
6 0.72421875 0.87734375 0.15625 0.18046875
6 0.5109375 0.8734375 0.2046875 0.1828125
6 0.36875 0.86875 0.059375 0.165625