7 0.52578125 0.30859375 0.0671875 0.3609375
7 0.7 0.1875 0.259375 0.375
7 0.921875 0.19765625 0.15625 0.3953125
7 0.70234375 0.4421875 0.19453125 0.08203125
7 0.9140625 0.446875 0.171875 0.084375
6 0.06953125 0.81640625 0.1390625 0.2234375
6 0.31171875 0.68515625 0.16328125 0.21171875
6 0.4546875 0.7765625 0.178125 0.3484375
6 0.49375 0.9140625 0.13125 0.171875
6 0.3796875 0.51953125 0.25625 0.0609375
6 0.12265625 0.54375 0.2453125 0.109375
6 0.05546875 0.93203125 0.1109375 0.1359375
6 0.2890625 0.8859375 0.18515625 0.21875
6 0.74765625 0.79375 0.3765625 0.4125