8 0.17578125 0.08515625 0.1890625 0.1703125
8 0.025 0.19453125 0.05 0.2796875
8 0.3125 0.11796875 0.1703125 0.228125
8 0.4578125 0.07265625 0.084375 0.1453125
8 0.653125 0.078125 0.25625 0.15625
8 0.7859375 0.22421875 0.20703125 0.26171875
8 0.528125 0.21015625 0.05625 0.2703125
8 0.87890625 0.02578125 0.1640625 0.0515625
8 0.0859375 0.57421875 0.171875 0.2671875
8 0.3484375 0.7 0.1875 0.26171875
8 0.13515625 0.884375 0.1109375 0.23125
8 0.39921875 0.9703125 0.1640625 0.059375
8 0.91875 0.65625 0.1625 0.36875
8 0.87734375 0.94140625 0.2453125 0.1171875
8 0.615625 0.759375 0.23125 0.34375