6 0.228125 0.11796875 0.18125 0.2359375
6 0.08984375 0.12734375 0.1796875 0.2546875
6 0.3578125 0.22578125 0.13203125 0.2453125
7 0.64765625 0.24296875 0.2359375 0.3734375
7 0.8515625 0.34921875 0.125 0.1609375
6 0.45390625 0.565625 0.1515625 0.271875
6 0.1609375 0.7234375 0.17578125 0.3484375
6 0.32890625 0.48984375 0.1828125 0.1203125
6 0.39609375 0.81328125 0.12734375 0.30546875
6 0.05234375 0.76796875 0.1046875 0.2484375
6 0.1765625 0.45 0.084375 0.040625
6 0.79375 0.8421875 0.4125 0.315625
6 0.8 0.60234375 0.371875 0.3453125