8 0.340625 0.5234375 0.04296875 0.0453125
8 0.37578125 0.6515625 0.0359375 0.015625
8 0.3296875 0.434375 0.04296875 0.03828125
8 0.88359375 0.05234375 0.2046875 0.1046875
8 0.5609375 0.05625 0.184375 0.1125
8 0.88984375 0.33125 0.21640625 0.29296875
8 0.559375 0.32578125 0.18125 0.2515625
8 0.87109375 0.6015625 0.2453125 0.115625
8 0.57109375 0.5921875 0.2046875 0.134375
8 0.34921875 0.93515625 0.1796875 0.1296875
8 0.07890625 0.73203125 0.1578125 0.1453125
5 0.62890625 0.8296875 0.2265625 0.340625
5 0.86484375 0.8296875 0.1453125 0.340625