5 0.23984375 0.27421875 0.4796875 0.3703125
8 0.75 0.4171875 0.1 0.084375
8 0.496875 0.22734375 0.034375 0.1140625
8 0.809375 0.05625 0.05078125 0.1109375
5 0.2046875 0.7125 0.409375 0.50625
8 0.6328125 0.51015625 0.121875 0.1015625
8 0.76328125 0.53671875 0.1140625 0.1546875
8 0.71015625 0.675 0.10078125 0.18046875
8 0.57890625 0.82265625 0.1609375 0.196875
8 0.54453125 0.67421875 0.1296875 0.1796875
8 0.51015625 0.56640625 0.0609375 0.1265625
8 0.79296875 0.8984375 0.1078125 0.14453125
8 0.95859375 0.85703125 0.0828125 0.1203125
8 0.95234375 0.61953125 0.0953125 0.2015625