6 0.278125 0.13984375 0.3625 0.2796875
6 0.51953125 0.02109375 0.1203125 0.0421875
6 0.66953125 0.08515625 0.134375 0.16328125
6 0.77734375 0.03203125 0.1078125 0.0640625
6 0.28671875 0.8484375 0.3453125 0.303125
6 0.065625 0.8953125 0.13125 0.209375
6 0.83203125 0.340625 0.2078125 0.121875
6 0.59375 0.51015625 0.2140625 0.23046875
6 0.7609375 0.83671875 0.19921875 0.2546875
6 0.92578125 0.9234375 0.1484375 0.153125
6 0.53984375 0.86484375 0.1609375 0.2265625
6 0.91640625 0.5328125 0.1671875 0.165625
6 0.971875 0.61015625 0.05625 0.2359375
6 0.93828125 0.37734375 0.1234375 0.1953125