8 0.528125 0.03671875 0.06484375 0.0625
8 0.6765625 0.02421875 0.0625 0.0484375
8 0.11875 0.0734375 0.090625 0.146875
8 0.03515625 0.265625 0.0703125 0.13125
8 0.11953125 0.25703125 0.09140625 0.14453125
8 0.28515625 0.0546875 0.0546875 0.109375
8 0.30625 0.1515625 0.07421875 0.115625
8 0.26796875 0.28359375 0.0765625 0.09140625
8 0.3484375 0.49921875 0.103125 0.1609375
8 0.46484375 0.5234375 0.0859375 0.1125
8 0.36953125 0.3515625 0.0796875 0.11328125
8 0.86875 0.3140625 0.084375 0.0671875
8 0.4046875 0.78984375 0.809375 0.4203125
8 0.84765625 0.72109375 0.0765625 0.2828125
8 0.91484375 0.8625 0.1703125 0.2375