8 0.0390625 0.2375 0.078125 0.20625
8 0.66484375 0.16484375 0.1703125 0.165625
8 0.49296875 0.36328125 0.15859375 0.1421875
8 0.78671875 0.328125 0.1859375 0.24375
8 0.14375 0.571875 0.2875 0.24375
8 0.128125 0.875 0.25625 0.25
8 0.86171875 0.7296875 0.10078125 0.16796875
8 0.83671875 0.56875 0.0796875 0.1609375
8 0.6859375 0.4859375 0.0625 0.071875
8 0.67578125 0.69375 0.0625 0.09609375
8 0.6984375 0.80546875 0.05546875 0.178125
8 0.65390625 0.92421875 0.09609375 0.13671875
8 0.553125 0.79453125 0.0796875 0.14921875
8 0.50390625 0.6609375 0.06953125 0.10078125
8 0.43046875 0.65234375 0.0421875 0.1203125