8 0.3359375 0.05078125 0.36875 0.1015625
8 0.33671875 0.19609375 0.35078125 0.15859375
8 0.32578125 0.3703125 0.4421875 0.159375
8 0.85 0.225 0.3 0.45
8 0.0359375 0.70390625 0.071875 0.4515625
8 0.22109375 0.53984375 0.3359375 0.1796875
8 0.51484375 0.55390625 0.3453125 0.2078125
8 0.403125 0.934375 0.59375 0.13125
8 0.753125 0.584375 0.10625 0.215625
8 0.97265625 0.51328125 0.0546875 0.1265625
8 0.878125 0.67578125 0.09609375 0.18046875
8 0.8734375 0.88828125 0.0671875 0.15390625
8 0.72578125 0.9375 0.0515625 0.125
8 0.73125 0.48828125 0.0625 0.0765625
8 0.8546875 0.5140625 0.090625 0.128125
8 0.98671875 0.96171875 0.0265625 0.0765625
8 0.9625 0.91875 0.06015625 0.13203125