8 0.146875 0.1046875 0.103125 0.12734375
8 0.271875 0.14375 0.07421875 0.07421875
8 0.27578125 0.43125 0.0671875 0.11796875
8 0.35859375 0.39921875 0.0421875 0.1359375
8 0.02578125 0.05078125 0.0515625 0.1015625
8 0.153125 0.56484375 0.0671875 0.1078125
8 0.0515625 0.6546875 0.04296875 0.0796875
8 0.7421875 0.3625 0.25 0.2140625
8 0.53046875 0.2484375 0.2015625 0.2671875
8 0.51171875 0.50859375 0.22578125 0.2640625
8 0.79140625 0.57421875 0.1109375 0.15859375
8 0.5734375 0.08359375 0.159375 0.1671875
8 0.43125 0.10859375 0.103125 0.2171875
8 0.17578125 0.93828125 0.2796875 0.1234375
5 0.88515625 0.8546875 0.2296875 0.290625