5 0.16796875 0.23203125 0.3359375 0.4640625
5 0.45546875 0.23984375 0.1484375 0.4796875
5 0.55234375 0.42265625 0.0453125 0.1265625
5 0.80703125 0.278125 0.09375 0.18984375
5 0.684375 0.3328125 0.0671875 0.15859375
5 0.64375 0.50078125 0.065625 0.0984375
5 0.64375 0.06953125 0.09375 0.1390625
5 0.88515625 0.0296875 0.0578125 0.059375
5 0.94765625 0.2046875 0.0765625 0.14453125
5 0.92265625 0.521875 0.0984375 0.05625
5 0.8984375 0.421875 0.06953125 0.12265625
5 0.78671875 0.0875 0.0703125 0.175
5 0.81171875 0.4625 0.0671875 0.14453125
4 0.26484375 0.7859375 0.5296875 0.428125
5 0.76484375 0.775 0.4703125 0.45