8 0.21328125 0.109375 0.1421875 0.21875
8 0.0875 0.1921875 0.08671875 0.09375
8 0.03515625 0.046875 0.0703125 0.08125
8 0.15703125 0.36875 0.0765625 0.10546875
8 0.2765625 0.38125 0.025 0.115625
8 0.8375 0.31015625 0.15625 0.2984375
8 0.553125 0.1890625 0.10546875 0.178125
8 0.928125 0.0296875 0.1375 0.059375
8 0.96015625 0.10625 0.0796875 0.15625
8 0.90078125 0.5015625 0.1140625 0.084375
8 0.5625 0.57421875 0.0796875 0.1515625
8 0.37265625 0.50390625 0.0578125 0.0890625
8 0.55390625 0.8984375 0.0984375 0.16796875
8 0.578125 0.73984375 0.0796875 0.15859375
8 0.72578125 0.64609375 0.0625 0.09609375
8 0.73671875 0.8640625 0.06015625 0.09609375
8 0.7140625 0.94296875 0.053125 0.1140625
8 0.85703125 0.9453125 0.0765625 0.109375
8 0.9046875 0.8328125 0.0671875 0.10078125
8 0.9765625 0.8234375 0.046875 0.11875
8 0.75703125 0.50390625 0.0515625 0.0890625