6 0.4765625 0.15234375 0.128125 0.3046875
6 0.72578125 0.2984375 0.0484375 0.253125
6 0.95703125 0.24609375 0.0859375 0.3671875
6 0.803125 0.31875 0.10625 0.221875
6 0.85234375 0.075 0.2046875 0.15
6 0.45390625 0.665625 0.5390625 0.471875
8 0.9875 0.60234375 0.025 0.1078125
8 0.79765625 0.48984375 0.0953125 0.1203125
8 0.8625 0.65546875 0.0890625 0.09609375
8 0.95703125 0.83828125 0.0578125 0.115625
8 0.9765625 0.71171875 0.046875 0.0984375
8 0.95546875 0.51015625 0.0890625 0.1109375
8 0.84921875 0.9265625 0.1234375 0.146875