6 0.0625 0.10078125 0.125 0.2015625
6 0.459375 0.13359375 0.11875 0.2671875
6 0.203125 0.3875 0.165625 0.27421875
6 0.41015625 0.5375 0.1734375 0.084375
6 0.00859375 0.321875 0.0171875 0.253125
6 0.840625 0.5046875 0.1203125 0.1296875
6 0.88046875 0.24453125 0.071875 0.08203125
6 0.728125 0.10390625 0.09375 0.084375
6 0.528125 0.459375 0.01875 0.121875
6 0.57890625 0.54375 0.0796875 0.06953125
6 0.6515625 0.55625 0.059375 0.046875
6 0.69296875 0.4046875 0.08203125 0.0890625
6 0.684375 0.28125 0.06015625 0.09609375
6 0.7546875 0.2734375 0.06953125 0.09140625
6 0.1921875 0.78984375 0.384375 0.4203125
6 0.47109375 0.78984375 0.0953125 0.4203125
8 0.821875 0.88828125 0.14375 0.2234375
8 0.70625 0.634375 0.178125 0.109375