6 0.1265625 0.41875 0.134375 0.0984375
6 0.2203125 0.3828125 0.10078125 0.2140625
6 0.01953125 0.46015625 0.0390625 0.1328125
6 0.74921875 0.2578125 0.2015625 0.15859375
6 0.93828125 0.3015625 0.1234375 0.184375
6 0.959375 0.021875 0.0625 0.04375
6 0.8359375 0.0328125 0.10625 0.065625
6 0.61953125 0.1015625 0.0765625 0.10078125
6 0.53671875 0.11953125 0.1109375 0.1203125
6 0.45859375 0.1234375 0.06953125 0.08671875
6 0.428125 0.240625 0.06484375 0.09375
6 0.47265625 0.33203125 0.09609375 0.1421875
6 0.13203125 0.73671875 0.040625 0.06015625
6 0.9203125 0.67578125 0.159375 0.1140625
6 0.5671875 0.9578125 0.34375 0.084375