8 0.475 0.58125 0.128125 0.096875
8 0.49453125 0.2578125 0.0890625 0.103125
8 0.40078125 0.2328125 0.103125 0.12734375
8 0.3140625 0.346875 0.115625 0.12265625
6 0.57890625 0.37421875 0.0796875 0.0859375
6 0.640625 0.4546875 0.0984375 0.11328125
6 0.7140625 0.303125 0.07421875 0.115625
6 0.703125 0.3875 0.08203125 0.0625
6 0.79765625 0.42890625 0.10078125 0.12265625
6 0.75234375 0.5734375 0.0796875 0.1125
6 0.62734375 0.6046875 0.0953125 0.05
6 0.55 0.603125 0.021875 0.053125
6 0.578125 0.0609375 0.078125 0.1125
6 0.5640625 0.22890625 0.05 0.0734375
6 0.625 0.20234375 0.08203125 0.10078125
6 0.67421875 0.12890625 0.08203125 0.0984375
6 0.73984375 0.11171875 0.0890625 0.1296875
6 0.77890625 0.2671875 0.09609375 0.10078125
6 0.884375 0.44375 0.08671875 0.07421875
6 0.8484375 0.575 0.08203125 0.05078125
8 0.1875 0.740625 0.346875 0.221875
8 0.303125 0.78828125 0.325 0.3171875
8 0.3265625 0.94609375 0.228125 0.1078125
6 0.76953125 0.81484375 0.4609375 0.3703125