6 0.1515625 0.33515625 0.303125 0.3078125
6 0.56640625 0.36953125 0.21875 0.23828125
6 0.7640625 0.228125 0.2953125 0.2546875
6 0.83359375 0.3484375 0.16796875 0.18984375
6 0.30546875 0.7515625 0.2265625 0.34375
6 0.09375 0.6078125 0.1875 0.2375
6 0.0671875 0.9375 0.128125 0.125
6 0.49296875 0.78984375 0.1484375 0.2640625
6 0.5109375 0.94375 0.184375 0.1125
6 0.64296875 0.90234375 0.1265625 0.1953125
6 0.94140625 0.77421875 0.1171875 0.3046875
6 0.80703125 0.63828125 0.1921875 0.21640625
6 0.59296875 0.70078125 0.19453125 0.26171875
6 0.5078125 0.56953125 0.16328125 0.1609375