8 0.0203125 0.26640625 0.040625 0.1234375
8 0.334375 0.1078125 0.05 0.1375
8 0.146875 0.29453125 0.11796875 0.18046875
8 0.82890625 0.3890625 0.2734375 0.221875
8 0.64140625 0.42109375 0.2390625 0.1578125
8 0.65078125 0.06875 0.2109375 0.1375
8 0.4015625 0.18671875 0.084375 0.2203125
8 0.89375 0.08671875 0.13125 0.1734375
8 0.521875 0.12734375 0.09375 0.2546875
8 0.41640625 0.44921875 0.1078125 0.1015625
8 0.2640625 0.9125 0.121875 0.175
8 0.0328125 0.82109375 0.065625 0.2015625
8 0.06796875 0.54765625 0.0953125 0.0953125
8 0.12421875 0.621875 0.12265625 0.14453125
8 0.3234375 0.5390625 0.071875 0.078125
8 0.27890625 0.63671875 0.103125 0.1609375
8 0.1328125 0.9640625 0.09375 0.071875
8 0.3390625 0.8703125 0.040625 0.115625
8 0.296875 0.8 0.10078125 0.146875
8 0.15546875 0.86015625 0.0890625 0.12734375
8 0.01796875 0.625 0.0359375 0.13125
8 0.32890625 0.64375 0.0609375 0.146875
8 0.72265625 0.9515625 0.1359375 0.096875
8 0.546875 0.921875 0.175 0.15625
8 0.790625 0.74296875 0.19453125 0.26171875