6 0.109375 0.25859375 0.21875 0.2828125
6 0.609375 0.2 0.78125 0.4
6 0.14921875 0.95234375 0.1390625 0.0953125
6 0.81875 0.76484375 0.19921875 0.25234375
6 0.65234375 0.6078125 0.15390625 0.26953125
6 0.47109375 0.65546875 0.18515625 0.196875
6 0.93125 0.9234375 0.1375 0.153125
6 0.46171875 0.88359375 0.2359375 0.2328125
6 0.31875 0.76484375 0.14921875 0.1734375
6 0.2328125 0.79296875 0.028125 0.3765625
6 0.29609375 0.91171875 0.1546875 0.1765625
6 0.84375 0.47734375 0.196875 0.1546875
6 0.821875 0.59453125 0.1703125 0.1921875
6 0.9375 0.546875 0.125 0.20625
6 0.92421875 0.734375 0.1515625 0.24375
6 0.3234375 0.4671875 0.1875 0.134375
6 0.3234375 0.584375 0.1609375 0.178125
6 0.2328125 0.5359375 0.028125 0.209375