7 0.20859375 0.0375 0.18046875 0.0625
7 0.06328125 0.0265625 0.1265625 0.040625
7 0.09140625 0.29921875 0.11796875 0.06015625
7 0.2015625 0.18046875 0.13203125 0.053125
7 0.359375 0.15 0.13671875 0.053125
7 0.3640625 0.1078125 0.13125 0.059375
7 0.9515625 0.2 0.096875 0.4
7 0.8125 0.1296875 0.25703125 0.22109375
7 0.75 0.2875 0.396875 0.21875
7 0.5046875 0.2875 0.15 0.225
7 0.56484375 0.109375 0.2703125 0.21875
7 0.21484375 0.7 0.4296875 0.6
6 0.4671875 0.77890625 0.075 0.2171875
6 0.55234375 0.6171875 0.19921875 0.240625
6 0.778125 0.540625 0.2859375 0.146875
6 0.9171875 0.84453125 0.165625 0.3109375
6 0.71171875 0.89453125 0.3265625 0.2109375
6 0.48046875 0.525 0.1015625 0.25