6 0.12265625 0.07890625 0.12734375 0.13203125
6 0.01640625 0.1 0.0328125 0.16875
6 0.19453125 0.27109375 0.10078125 0.19921875
6 0.29765625 0.14140625 0.103125 0.13203125
6 0.384375 0.1515625 0.07421875 0.18984375
6 0.359375 0.3859375 0.096875 0.128125
6 0.22890625 0.43046875 0.1078125 0.0390625
6 0.60625 0.29921875 0.353125 0.3015625
6 0.128125 0.70859375 0.25625 0.1921875
6 0.1296875 0.93203125 0.259375 0.1359375
6 0.3546875 0.96171875 0.15 0.0765625
6 0.34375 0.546875 0.171875 0.125
6 0.57890625 0.88984375 0.13671875 0.15625