8 0.56015625 0.35390625 0.1171875 0.1921875
8 0.31953125 0.16328125 0.103125 0.16796875
8 0.4328125 0.42421875 0.11328125 0.15859375
8 0.4859375 0.51171875 0.1 0.0765625
8 0.234375 0.4796875 0.115625 0.140625
8 0.140625 0.515625 0.1 0.06875
8 0.221875 0.14140625 0.1203125 0.25234375
8 0.56171875 0.1984375 0.1140625 0.15625
8 0.3328125 0.90234375 0.1109375 0.16328125
8 0.54765625 0.88828125 0.0890625 0.08203125
8 0.51328125 0.8171875 0.0984375 0.103125
8 0.3421875 0.7078125 0.11328125 0.13671875
8 0.66875 0.890625 0.1 0.15625