8 0.34921875 0.2890625 0.1296875 0.059375
8 0.42421875 0.10546875 0.0890625 0.0859375
8 0.725 0.159375 0.5125 0.31875
5 0.26015625 0.8125 0.3171875 0.25703125
8 0.9453125 0.4375 0.109375 0.2375
8 0.76875 0.41640625 0.225 0.1953125
8 0.55546875 0.42578125 0.1734375 0.2140625
8 0.53984375 0.94140625 0.1421875 0.1171875
8 0.740625 0.94140625 0.221875 0.1171875
8 0.93671875 0.93125 0.1265625 0.1375
8 0.95 0.70859375 0.1 0.2640625
8 0.78125 0.69140625 0.18984375 0.29296875
8 0.5640625 0.69609375 0.190625 0.3109375