7 0.38984375 0.12890625 0.0984375 0.2296875
7 0.146875 0.06796875 0.29375 0.1359375
7 0.14765625 0.3203125 0.2953125 0.259375
7 0.7390625 0.29765625 0.396875 0.3046875
7 0.08203125 0.578125 0.13203125 0.15859375
7 0.91171875 0.6515625 0.17578125 0.36796875
7 0.74765625 0.65859375 0.15625 0.365625
7 0.58671875 0.65546875 0.16796875 0.3578125
7 0.48046875 0.659375 0.0828125 0.384375
7 0.9140625 0.90859375 0.16875 0.1828125
7 0.75390625 0.90703125 0.1828125 0.1859375
7 0.58515625 0.90546875 0.1859375 0.1890625