8 0.34140625 0.28203125 0.09609375 0.10078125
8 0.12265625 0.0296875 0.0796875 0.059375
8 0.49140625 0.0609375 0.10078125 0.09609375
8 0.01953125 0.2875 0.0390625 0.128125
8 0.2859375 0.084375 0.0890625 0.12265625
8 0.23671875 0.30390625 0.0671875 0.1109375
8 0.78203125 0.21640625 0.2984375 0.2859375
8 0.28125 0.775 0.1921875 0.30546875
8 0.4171875 0.55859375 0.125 0.21171875
8 0.48359375 0.90546875 0.1515625 0.1890625
8 0.1421875 0.8734375 0.1734375 0.2328125
8 0.01796875 0.746875 0.0359375 0.309375
8 0.19375 0.4640625 0.0984375 0.165625
8 0.6953125 0.4765625 0.134375 0.21640625
8 0.9046875 0.52109375 0.0984375 0.12734375