8 0.23125 0.23125 0.04296875 0.06015625
8 0.40625 0.25078125 0.00625 0.0421875
8 0.8296875 0.221875 0.16328125 0.2359375
8 0.46328125 0.14609375 0.1078125 0.1796875
8 0.47265625 0.340625 0.1265625 0.165625
8 0.5375 0.39609375 0.103125 0.0859375
8 0.56640625 0.05234375 0.1109375 0.1046875
8 0.45390625 0.03359375 0.0890625 0.0671875
8 0.89375 0.0203125 0.15625 0.040625
8 0.96484375 0.28203125 0.0703125 0.2171875
8 0.7609375 0.40390625 0.15625 0.0703125
8 0.68984375 0.18203125 0.084375 0.18515625
8 0.5828125 0.29140625 0.09140625 0.115625
8 0.12265625 0.63359375 0.08203125 0.103125
8 0.21875 0.61328125 0.08203125 0.071875
8 0.4625 0.88671875 0.10625 0.2046875
8 0.95234375 0.60546875 0.0953125 0.0859375
8 0.6890625 0.5 0.115625 0.121875
8 0.67734375 0.9796875 0.1671875 0.040625
8 0.44140625 0.5984375 0.0640625 0.1
8 0.64609375 0.73984375 0.1390625 0.125
8 0.921875 0.47734375 0.15625 0.0765625