6 0.59765625 0.19609375 0.1359375 0.3921875
6 0.76171875 0.209375 0.3421875 0.4
6 0.88125 0.2046875 0.2375 0.409375
6 0.26484375 0.7046875 0.5296875 0.590625
6 0.98046875 0.94765625 0.0390625 0.1046875
6 0.69765625 0.86640625 0.09375 0.1609375
6 0.728125 0.509375 0.08203125 0.134375
6 0.58671875 0.68984375 0.1140625 0.1296875
6 0.6171875 0.7890625 0.08671875 0.1109375
6 0.759375 0.96171875 0.090625 0.0765625
6 0.83515625 0.7953125 0.09609375 0.115625
6 0.8125 0.609375 0.11328125 0.15390625
6 0.8984375 0.9203125 0.09375 0.08671875
6 0.9296875 0.75078125 0.08671875 0.12734375
6 0.93125 0.4890625 0.1078125 0.1109375
6 0.9921875 0.4890625 0.015625 0.146875