6 0.4015625 0.334375 0.165625 0.21171875
6 0.20546875 0.21875 0.0671875 0.0890625
6 0.0890625 0.228125 0.0453125 0.0625
6 0.81484375 0.4078125 0.0796875 0.11328125
6 0.9390625 0.25703125 0.084375 0.134375
6 0.98515625 0.46953125 0.0296875 0.0796875
6 0.88359375 0.47890625 0.0578125 0.0609375
6 0.73984375 0.4890625 0.0484375 0.040625
6 0.71484375 0.14921875 0.0796875 0.0796875
6 0.64921875 0.04140625 0.0671875 0.0828125
6 0.8546875 0.2015625 0.053125 0.1078125
6 0.7921875 0.06875 0.053125 0.06953125
6 0.82265625 0.0359375 0.1078125 0.071875
6 0.87265625 0.07109375 0.0625 0.06953125
6 0.928125 0.04765625 0.065625 0.0953125
6 0.62734375 0.3875 0.0546875 0.115625
6 0.734375 0.27265625 0.071875 0.10546875
6 0.3 0.7546875 0.6 0.490625
6 0.8 0.7546875 0.4 0.490625