6 0.08984375 0.2453125 0.0796875 0.11328125
6 0.2140625 0.09453125 0.084375 0.134375
6 0.53046875 0.04140625 0.0609375 0.0828125
6 0.6375 0.04921875 0.04375 0.0984375
6 0.540625 0.17734375 0.04296875 0.1109375
6 0.50078125 0.2484375 0.05546875 0.1078125
6 0.359375 0.2375 0.07421875 0.08671875
6 0.3046875 0.2640625 0.06484375 0.0890625
6 0.3546875 0.30625 0.06015625 0.0984375
6 0.2765625 0.3109375 0.06015625 0.08671875
6 0.28125 0.37421875 0.05 0.0890625
6 0.16953125 0.3984375 0.0578125 0.040625
6 0.15859375 0.34921875 0.0578125 0.125
6 0.01953125 0.3625 0.0390625 0.1125
6 0.43671875 0.378125 0.0609375 0.08125
6 0.37265625 0.39765625 0.0671875 0.0421875
6 0.1296875 0.04609375 0.053125 0.0921875
6 0.34609375 0.0921875 0.06953125 0.10078125
6 0.33515625 0.15703125 0.06953125 0.0890625
6 0.42265625 0.0984375 0.06484375 0.1109375
6 0.6421875 0.25546875 0.034375 0.1078125
6 0.6046875 0.3546875 0.06015625 0.10078125
6 0.50703125 0.3703125 0.0578125 0.096875
6 0.02265625 0.109375 0.0453125 0.10625
6 0.8390625 0.23125 0.321875 0.375
6 0.2671875 0.54921875 0.209375 0.2609375
6 0.43828125 0.47109375 0.1578125 0.1046875
6 0.59453125 0.478125 0.1296875 0.11875
6 0.60078125 0.88125 0.1171875 0.2375
6 0.42578125 0.87421875 0.2390625 0.2515625
6 0.2265625 0.88828125 0.1625 0.2234375
6 0.11015625 0.7796875 0.2203125 0.29375
6 0.084375 0.93125 0.16875 0.1375
6 0.5875 0.70234375 0.14375 0.2984375
6 0.26171875 0.44453125 0.1765625 0.0515625
6 0.11640625 0.53046875 0.2328125 0.2234375
6 0.7109375 0.51015625 0.103125 0.1828125
6 0.91484375 0.5 0.1703125 0.1625
6 0.87890625 0.9390625 0.2421875 0.121875
6 0.70390625 0.84375 0.0890625 0.290625