8 0.303125 0.325 0.39375 0.65
8 0.75 0.28359375 0.5 0.5671875
8 0.2796875 0.8484375 0.04296875 0.06015625
8 0.4671875 0.86875 0.02890625 0.04296875
8 0.83828125 0.7203125 0.1640625 0.140625
8 0.52265625 0.7921875 0.0453125 0.165625
8 0.54921875 0.871875 0.0984375 0.134375
8 0.96953125 0.74609375 0.0609375 0.1921875
8 0.86640625 0.971875 0.1078125 0.05625
8 0.965625 0.95625 0.06875 0.0875
8 0.7703125 0.88828125 0.15625 0.134375
8 0.6984375 0.6875 0.084375 0.075
8 0.5921875 0.74296875 0.09140625 0.115625