8 0.3921875 0.19296875 0.09375 0.12265625
8 0.0375 0.05078125 0.075 0.1015625
8 0.23984375 0.221875 0.11796875 0.18046875
8 0.775 0.21953125 0.45 0.4390625
8 0.3265625 0.78515625 0.15390625 0.15625
8 0.490625 0.89765625 0.11875 0.0953125
8 0.375 0.6109375 0.13203125 0.18515625
8 0.5234375 0.68984375 0.053125 0.1171875
8 0.94296875 0.75859375 0.103125 0.1390625
8 0.70625 0.90390625 0.15859375 0.165625
8 0.76796875 0.62734375 0.0765625 0.12734375
8 0.93828125 0.4703125 0.1234375 0.0625
8 0.9609375 0.57734375 0.07421875 0.1109375