7 0.34453125 0.2046875 0.6890625 0.409375
7 0.84453125 0.2046875 0.3109375 0.409375
6 0.22421875 0.6171875 0.27421875 0.28828125
6 0.33671875 0.47734375 0.1546875 0.1359375
6 0.51796875 0.4546875 0.1703125 0.090625
6 0.44140625 0.54375 0.1890625 0.26875
6 0.44453125 0.78515625 0.14921875 0.2984375
6 0.28359375 0.82890625 0.22578125 0.18984375
6 0.0546875 0.79453125 0.109375 0.2484375
6 0.09609375 0.903125 0.1890625 0.19375
6 0.05625 0.47421875 0.1125 0.1296875
6 0.1453125 0.47109375 0.134375 0.1234375
6 0.621875 0.596875 0.134375 0.24375
6 0.57265625 0.7953125 0.15859375 0.271875
6 0.59765625 0.915625 0.1828125 0.16875
7 0.84453125 0.6390625 0.3109375 0.459375