8 0.33359375 0.059375 0.2765625 0.11875
8 0.2296875 0.16171875 0.178125 0.103125
8 0.29296875 0.39375 0.146875 0.09375
8 0.1859375 0.36484375 0.07421875 0.103125
8 0.0859375 0.34453125 0.071875 0.1109375
8 0.53359375 0.2296875 0.0703125 0.16875
5 0.784375 0.2546875 0.43125 0.509375
8 0.41953125 0.90390625 0.2984375 0.1921875
8 0.5015625 0.7671875 0.134375 0.253125
8 0.24296875 0.84609375 0.2421875 0.3078125
8 0.25 0.6109375 0.165625 0.203125
8 0.4625 0.58046875 0.2125 0.1421875
8 0.7984375 0.62421875 0.403125 0.2296875
8 0.6625 0.6203125 0.1875 0.221875
8 0.70078125 0.79921875 0.2546875 0.28828125
8 0.921875 0.82265625 0.15625 0.3046875