6 0.23828125 0.3625 0.4421875 0.634375
6 0.79296875 0.41953125 0.4140625 0.5140625
6 0.51796875 0.425 0.1171875 0.509375
6 0.7296875 0.59921875 0.540625 0.1609375
6 0.87109375 0.09765625 0.2578125 0.1953125
6 0.6125 0.10234375 0.30625 0.2046875
6 0.2296875 0.9484375 0.459375 0.103125
6 0.94296875 0.7484375 0.1140625 0.1375
6 0.7734375 0.7390625 0.20625 0.11875
6 0.5546875 0.740625 0.190625 0.121875
6 0.57265625 0.9109375 0.2046875 0.178125
6 0.77578125 0.9078125 0.18046875 0.16328125
6 0.93515625 0.91484375 0.1296875 0.1703125