5 0.25 0.44375 0.21875 0.2125
5 0.0484375 0.46171875 0.096875 0.1765625
5 0.5859375 0.05546875 0.15625 0.1109375
5 0.58125 0.6546875 0.19375 0.25
5 0.940625 0.13515625 0.11875 0.2703125
5 0.403125 0.06953125 0.0875 0.1390625
5 0.40859375 0.6609375 0.0984375 0.2375
5 0.7765625 0.56796875 0.15625 0.396875
5 0.96171875 0.62578125 0.0765625 0.3078125
5 0.02734375 0.93984375 0.0546875 0.1203125
5 0.2671875 0.925 0.184375 0.15
5 0.05234375 0.82421875 0.1046875 0.0890625
5 0.6234375 0.88984375 0.528125 0.2203125