8 0.153125 0.3484375 0.30625 0.440625
8 0.41640625 0.2578125 0.0671875 0.515625
8 0.296875 0.13125 0.184375 0.2625
6 0.95078125 0.52421875 0.0984375 0.0890625
6 0.57890625 0.29765625 0.12265625 0.11328125
6 0.5296875 0.55859375 0.10625 0.0203125
6 0.7171875 0.46953125 0.09140625 0.07421875
6 0.96484375 0.07109375 0.0703125 0.0984375
6 0.68515625 0.01328125 0.0546875 0.0265625
6 0.34375 0.71640625 0.2125 0.2953125
6 0.95390625 0.80390625 0.0921875 0.1890625
6 0.70703125 0.94921875 0.2453125 0.1015625
6 0.52890625 0.77109375 0.1578125 0.2984375
6 0.74140625 0.7140625 0.25234375 0.19453125
6 0.91796875 0.665625 0.1640625 0.19375