6 0.16875 0.15546875 0.2625 0.3109375
6 0.4671875 0.12421875 0.103125 0.2484375
6 0.1203125 0.3921875 0.240625 0.240625
6 0.6390625 0.18203125 0.240625 0.3640625
6 0.6203125 0.4640625 0.190625 0.15
6 0.034375 0.81875 0.06875 0.3625
6 0.26640625 0.590625 0.2640625 0.103125
6 0.35234375 0.95234375 0.2671875 0.0953125
6 0.43671875 0.88203125 0.1640625 0.2359375
6 0.48515625 0.7640625 0.0671875 0.153125
6 0.3890625 0.7359375 0.12734375 0.2046875
6 0.278125 0.72265625 0.1515625 0.115625
6 0.14375 0.78515625 0.1828125 0.1515625
6 0.10078125 0.96171875 0.2015625 0.0765625
6 0.8453125 0.61484375 0.15625 0.1515625
6 0.9265625 0.8125 0.146875 0.19375
6 0.66171875 0.890625 0.2859375 0.21875
6 0.69375 0.665625 0.21875 0.253125