6 0.49609375 0.09296875 0.1078125 0.1859375
6 0.26171875 0.1234375 0.0796875 0.1421875
6 0.20390625 0.1703125 0.06953125 0.115625
6 0.19765625 0.24765625 0.10546875 0.0796875
6 0.08203125 0.1859375 0.10078125 0.2015625
6 0.190625 0.4484375 0.09375 0.0625
6 0.41640625 0.37109375 0.125 0.1421875
6 0.27578125 0.32890625 0.09609375 0.1421875
6 0.33203125 0.07890625 0.0765625 0.146875
7 0.63828125 0.23984375 0.1765625 0.4796875
7 0.87265625 0.43046875 0.2546875 0.0984375
7 0.51015625 0.61953125 0.0796875 0.2796875
7 0.22109375 0.50078125 0.1078125 0.0421875
7 0.51015625 0.88125 0.0796875 0.20625
7 0.72890625 0.73984375 0.178125 0.18046875
7 0.5890625 0.825 0.078125 0.196875
7 0.6 0.5421875 0.1 0.115625
7 0.840625 0.8765625 0.1921875 0.165625