6 0.2296875 0.178125 0.3 0.35625
6 0.02109375 0.28671875 0.0421875 0.3546875
6 0.1203125 0.38828125 0.1625 0.2015625
6 0.296875 0.43359375 0.165625 0.1109375
6 0.740625 0.24453125 0.51875 0.4890625
6 0.30234375 0.7515625 0.1546875 0.496875
6 0.05625 0.55625 0.1125 0.134375
6 0.18515625 0.52265625 0.1203125 0.0671875
6 0.69296875 0.51953125 0.1328125 0.0609375
6 0.95703125 0.56015625 0.0859375 0.1421875
6 0.921875 0.85703125 0.10078125 0.11796875
6 0.77421875 0.9234375 0.125 0.11796875
6 0.5546875 0.95546875 0.065625 0.0890625
6 0.40078125 0.64765625 0.0421875 0.1203125
6 0.5140625 0.5375 0.08671875 0.0890625