7 0.30546875 0.28671875 0.08203125 0.240625
7 0.44296875 0.40703125 0.0921875 0.2234375
7 0.0734375 0.45390625 0.0875 0.1296875
7 0.0953125 0.103125 0.071875 0.20625
7 0.23203125 0.021875 0.1765625 0.04375
7 0.43046875 0.04765625 0.0796875 0.0953125
7 0.615625 0.1828125 0.028125 0.21875
7 0.5765625 0.3671875 0.10625 0.084375
7 0.13828125 0.4890625 0.0765625 0.059375
7 0.05546875 0.20625 0.1109375 0.096875
7 0.85625 0.1234375 0.053125 0.246875
7 0.7390625 0.09765625 0.0875 0.1953125
7 0.08203125 0.759375 0.1640625 0.48125
7 0.44921875 0.759375 0.2984375 0.48125