6 0.27890625 0.403125 0.3265625 0.43125
6 0.0484375 0.20390625 0.096875 0.3890625
6 0.37578125 0.07578125 0.4203125 0.1515625
6 0.459375 0.2078125 0.353125 0.34375
6 0.65703125 0.12421875 0.1046875 0.2484375
6 0.6359375 0.49609375 0.146875 0.2453125
6 0.371875 0.52578125 0.18125 0.1859375
6 0.76328125 0.2734375 0.1078125 0.546875
6 0.91875 0.22578125 0.1625 0.4515625
6 0.86640625 0.5 0.1953125 0.2375
6 0.97109375 0.51171875 0.0578125 0.2140625
6 0.81875 0.10234375 0.21875 0.2046875
8 0.48359375 0.778125 0.2671875 0.31875
8 0.61015625 0.9515625 0.1984375 0.096875
8 0.39375 0.94921875 0.225 0.1015625
8 0.31171875 0.82734375 0.321875 0.3296875
8 0.175 0.946875 0.278125 0.10625
8 0.83359375 0.809375 0.2484375 0.38125