6 0.3921875 0.21484375 0.49375 0.4296875
6 0.2375 0.7640625 0.353125 0.471875
6 0.53671875 0.746875 0.2046875 0.4625
6 0.13984375 0.93984375 0.2796875 0.1203125
6 0.4625 0.95546875 0.1875 0.0890625
6 0.3625 0.61875 0.31875 0.2375
6 0.04296875 0.715625 0.0859375 0.43125
6 0.7265625 0.55859375 0.175 0.1171875
6 0.8265625 0.8140625 0.1734375 0.23828125
6 0.9078125 0.621875 0.146875 0.23046875
6 0.98515625 0.61015625 0.0296875 0.2203125
6 0.96328125 0.75859375 0.0734375 0.1578125
6 0.92890625 0.9015625 0.1421875 0.18125