8 0.24453125 0.184375 0.4890625 0.36875
8 0.83125 0.15703125 0.3375 0.3140625
8 0.0296875 0.6015625 0.059375 0.215625
8 0.2453125 0.490625 0.09140625 0.20703125
8 0.45859375 0.578125 0.0609375 0.190625
8 0.37890625 0.753125 0.08671875 0.22109375
8 0.13125 0.69296875 0.09609375 0.18046875
8 0.1265625 0.90546875 0.0671875 0.15390625
8 0.10859375 0.53046875 0.09140625 0.13203125
8 0.3359375 0.45703125 0.06015625 0.10078125
8 0.35703125 0.52578125 0.115625 0.15859375
8 0.2640625 0.9703125 0.075 0.059375
8 0.21484375 0.934375 0.0609375 0.13125
8 0.68984375 0.7265625 0.3890625 0.52890625
8 0.87265625 0.54765625 0.2546875 0.3578125
8 0.903125 0.79765625 0.19375 0.4046875
8 0.625 0.9203125 0.271875 0.159375