6 0.15078125 0.353125 0.2953125 0.371875
6 0.0265625 0.19921875 0.053125 0.3640625
6 0.24375 0.45234375 0.4875 0.1734375
7 0.86640625 0.13203125 0.2671875 0.2640625
7 0.77109375 0.39453125 0.1828125 0.2890625
7 0.9421875 0.38125 0.115625 0.315625
7 0.0640625 0.6953125 0.128125 0.3125
7 0.20390625 0.7 0.1546875 0.321875
7 0.3625 0.696875 0.165625 0.315625
7 0.51796875 0.70546875 0.1828125 0.3328125
7 0.6359375 0.703125 0.0875 0.328125
7 0.06015625 0.91875 0.1203125 0.1625
7 0.196875 0.9171875 0.18125 0.165625
7 0.36484375 0.915625 0.1828125 0.16875
7 0.52421875 0.91953125 0.1671875 0.1609375
7 0.64140625 0.915625 0.0765625 0.16875
6 0.82265625 0.73671875 0.2859375 0.2109375