8 0.33125 0.15 0.25625 0.2875
8 0.09375 0.1484375 0.1875 0.25625
8 0.56953125 0.04921875 0.2203125 0.0984375
8 0.81640625 0.0390625 0.2359375 0.078125
8 0.56015625 0.25859375 0.2015625 0.2953125
8 0.79296875 0.25234375 0.2234375 0.3328125
8 0.96171875 0.259375 0.0765625 0.3125
8 0.2296875 0.709375 0.459375 0.58125
8 0.659375 0.753125 0.1921875 0.30546875
8 0.7953125 0.53671875 0.125 0.21171875
8 0.86171875 0.89453125 0.1515625 0.2109375
8 0.5328125 0.85078125 0.146875 0.2328125
8 0.57109375 0.471875 0.0984375 0.10625