6 0.15 0.225 0.3 0.45
6 0.38359375 0.23515625 0.1671875 0.4296875
6 0.75078125 0.36875 0.2671875 0.1625
6 0.871875 0.278125 0.2359375 0.26171875
6 0.925 0.146875 0.15 0.153125
6 0.7875 0.11875 0.12734375 0.2046875
6 0.6765625 0.10546875 0.1515625 0.115625
6 0.5421875 0.16796875 0.1828125 0.1515625
6 0.4921875 0.378125 0.215625 0.14375
6 0.15 0.696875 0.3 0.49375
6 0.4984375 0.51953125 0.1375 0.1390625
6 0.72421875 0.54375 0.2171875 0.1875
6 0.83828125 0.63359375 0.1578125 0.3671875
6 0.95234375 0.66328125 0.0953125 0.4265625
6 0.3921875 0.603125 0.184375 0.30625
6 0.63046875 0.8125 0.2515625 0.375
6 0.915625 0.928125 0.134375 0.14375
6 0.375 0.87890625 0.15 0.2421875