6 0.2125 0.24609375 0.425 0.2859375
6 0.38671875 0.2640625 0.1265625 0.25
6 0.23203125 0.06796875 0.4359375 0.1359375
6 0.225 0.69453125 0.45 0.6109375
6 0.55390625 0.52890625 0.2078125 0.2640625
6 0.72421875 0.446875 0.1578125 0.115625
6 0.9078125 0.45390625 0.184375 0.1296875
6 0.9140625 0.871875 0.171875 0.25625
6 0.71171875 0.86484375 0.2390625 0.2703125
6 0.521875 0.8703125 0.14375 0.225
6 0.478125 0.7609375 0.05625 0.29375
6 0.90078125 0.68359375 0.1984375 0.2984375
6 0.54765625 0.4203125 0.1765625 0.0625
6 0.484375 0.50625 0.06875 0.234375