8 0.20078125 0.3 0.4015625 0.6
8 0.765625 0.29453125 0.46875 0.5890625
8 0.15859375 0.69453125 0.115625 0.10078125
8 0.0796875 0.7546875 0.12734375 0.13203125
8 0.38984375 0.92109375 0.1421875 0.1578125
8 0.4578125 0.703125 0.084375 0.153125
8 0.43046875 0.6375 0.1390625 0.075
8 0.3140625 0.703125 0.115625 0.13671875
8 0.065625 0.91953125 0.13125 0.1609375
8 0.22109375 0.81875 0.09140625 0.103125
8 0.16796875 0.94375 0.0859375 0.1125
8 0.78046875 0.84296875 0.2171875 0.3140625
8 0.921875 0.64375 0.15625 0.0875