6 0.01640625 0.2296875 0.0328125 0.13125
6 0.23984375 0.25 0.053125 0.06484375
6 0.36875 0.27734375 0.053125 0.06015625
6 0.50078125 0.29453125 0.0578125 0.1015625
6 0.47578125 0.43359375 0.0578125 0.06484375
6 0.0109375 0.44296875 0.021875 0.0515625
6 0.13515625 0.4203125 0.0484375 0.06015625
6 0.7015625 0.0640625 0.11875 0.128125
6 0.67578125 0.2296875 0.11796875 0.165625
6 0.94765625 0.0671875 0.084375 0.09375
6 0.8421875 0.1265625 0.0890625 0.13671875
6 0.78984375 0.21875 0.06484375 0.1296875
6 0.971875 0.3109375 0.05625 0.103125
6 0.56484375 0.17109375 0.0703125 0.0859375
6 0.58359375 0.0328125 0.0859375 0.065625
6 0.56875 0.32578125 0.071875 0.08671875
6 0.403125 0.79453125 0.253125 0.4109375
6 0.05703125 0.7953125 0.1140625 0.228125
6 0.2640625 0.52109375 0.275 0.1046875
6 0.43359375 0.5203125 0.1921875 0.103125
8 0.565625 0.77421875 0.071875 0.1265625
8 0.64609375 0.5671875 0.053125 0.0796875
8 0.66640625 0.4984375 0.0984375 0.059375
8 0.56171875 0.50859375 0.0640625 0.0796875
8 0.56171875 0.9546875 0.0640625 0.090625
8 0.92265625 0.9625 0.1078125 0.075
8 0.75625 0.80625 0.06953125 0.06484375
8 0.825 0.79921875 0.0578125 0.1203125
8 0.87890625 0.7671875 0.09375 0.09609375
8 0.9796875 0.54765625 0.040625 0.1109375
8 0.77421875 0.578125 0.08203125 0.115625
8 0.68828125 0.66484375 0.08203125 0.084375
8 0.61328125 0.66328125 0.09140625 0.134375