8 0.11796875 0.1078125 0.2359375 0.215625
8 0.39453125 0.121875 0.2703125 0.24375
8 0.83046875 0.17734375 0.3390625 0.2015625
8 0.9171875 0.3375 0.165625 0.096875
8 0.871875 0.4109375 0.25625 0.096875
8 0.1125 0.7578125 0.115625 0.084375
8 0.45703125 0.625 0.12265625 0.11796875
8 0.525 0.78515625 0.06875 0.1234375
8 0.3875 0.95078125 0.115625 0.09609375
8 0.3078125 0.90234375 0.12734375 0.1109375
8 0.271875 0.6828125 0.115625 0.146875
8 0.11875 0.97265625 0.065625 0.0546875
8 0.7796875 0.7296875 0.440625 0.540625