5 0.2296875 0.234375 0.459375 0.46875
5 0.934375 0.3453125 0.13125 0.246875
8 0.09609375 0.571875 0.1734375 0.1609375
8 0.37734375 0.81640625 0.1640625 0.2921875
8 0.065625 0.87109375 0.13125 0.2578125
8 0.646875 0.53828125 0.16875 0.1390625
8 0.97421875 0.61171875 0.0515625 0.1703125
8 0.946875 0.69296875 0.10546875 0.13671875
8 0.50078125 0.565625 0.0828125 0.19375
8 0.61640625 0.88359375 0.1109375 0.2328125
8 0.50546875 0.85703125 0.0921875 0.2484375
8 0.8109375 0.90703125 0.14921875 0.1609375
8 0.71875 0.71015625 0.1609375 0.13671875
8 0.790625 0.5046875 0.0875 0.071875
8 0.90078125 0.55859375 0.09609375 0.1203125