6 0.04140625 0.49296875 0.0828125 0.5453125
6 0.2359375 0.4390625 0.265625 0.4625
6 0.13125 0.6859375 0.1875 0.165625
6 0.28671875 0.6984375 0.1640625 0.140625
6 0.21953125 0.0640625 0.1859375 0.128125
6 0.0953125 0.21484375 0.190625 0.4296875
6 0.5421875 0.23046875 0.09140625 0.09140625
6 0.61171875 0.31484375 0.103125 0.11796875
6 0.6890625 0.15390625 0.0796875 0.12265625
6 0.678125 0.24296875 0.084375 0.0671875
6 0.7765625 0.2875 0.1078125 0.1296875
6 0.72890625 0.4546875 0.084375 0.14921875
6 0.5984375 0.49609375 0.10078125 0.09609375
6 0.49453125 0.4828125 0.0671875 0.0765625
6 0.3984375 0.44921875 0.059375 0.1296875
6 0.4109375 0.0640625 0.084375 0.128125
6 0.53046875 0.0765625 0.05546875 0.0796875
6 0.5953125 0.05 0.084375 0.1
6 0.646875 0.0109375 0.084375 0.021875
6 0.7578125 0.11640625 0.10078125 0.1078125
6 0.86953125 0.303125 0.09140625 0.0765625
6 0.83046875 0.43984375 0.084375 0.053125
6 0.52890625 0.63203125 0.15390625 0.09140625
6 0.434375 0.615625 0.0890625 0.1109375
6 0.39453125 0.55078125 0.0515625 0.1109375
6 0.43671875 0.18359375 0.071875 0.0625
6 0.14921875 0.83203125 0.2984375 0.1265625
8 0.8296875 0.884375 0.340625 0.23125
8 0.5984375 0.884375 0.38125 0.23125
8 0.89296875 0.94296875 0.2140625 0.1140625