6 0.03203125 0.27109375 0.0640625 0.2359375
6 0.1515625 0.1328125 0.290625 0.25234375
6 0.2203125 0.25 0.16328125 0.1875
6 0.5203125 0.365625 0.196875 0.25
6 0.68359375 0.21015625 0.14921875 0.2640625
6 0.86171875 0.25859375 0.1828125 0.19453125
6 0.89140625 0.62890625 0.2171875 0.1203125
6 0.671875 0.62265625 0.225 0.1328125
6 0.4828125 0.63671875 0.15625 0.1046875
6 0.421875 0.56796875 0.10625 0.2421875
6 0.87265625 0.51171875 0.2328125 0.28359375
6 0.96953125 0.36484375 0.0609375 0.1703125
6 0.978125 0.52890625 0.04375 0.2140625
6 0.49453125 0.07890625 0.1953125 0.1578125
6 0.515625 0.1984375 0.16796875 0.18984375
6 0.41484375 0.15078125 0.0921875 0.2046875
6 0.428125 0.3359375 0.11875 0.2375
6 0.9578125 0.06796875 0.084375 0.1359375
6 0.9640625 0.18828125 0.071875 0.1765625
6 0.17578125 0.84453125 0.1609375 0.3109375
6 0.684375 0.84453125 0.63125 0.3109375