8 0.0890625 0.1625 0.178125 0.325
8 0.2375 0.0640625 0.20625 0.128125
8 0.3703125 0.12265625 0.1609375 0.22578125
8 0.46328125 0.36171875 0.2109375 0.3546875
8 0.1703125 0.44921875 0.340625 0.1796875
8 0.75625 0.13515625 0.15625 0.2703125
8 0.84453125 0.30546875 0.2140625 0.2046875
8 0.9859375 0.44140625 0.028125 0.1203125
8 0.115625 0.625 0.23125 0.171875
8 0.1234375 0.9390625 0.246875 0.121875
8 0.44296875 0.61953125 0.2140625 0.1609375
8 0.659375 0.5921875 0.14375 0.10625
8 0.8921875 0.765625 0.215625 0.3125