6 0.05390625 0.3546875 0.1078125 0.709375
6 0.05234375 0.13046875 0.1046875 0.2609375
6 0.234375 0.25546875 0.290625 0.5109375
6 0.43515625 0.59375 0.1109375 0.23125
6 0.64609375 0.59453125 0.2328125 0.2296875
6 0.96796875 0.56328125 0.0640625 0.2921875
6 0.8875 0.67890625 0.225 0.0609375
6 0.70859375 0.3828125 0.2046875 0.22578125
6 0.45 0.38828125 0.140625 0.2046875
6 0.475 0.07578125 0.190625 0.1515625
6 0.78671875 0.134375 0.1515625 0.26875
6 0.9859375 0.20859375 0.028125 0.2859375
6 0.91484375 0.2703125 0.1703125 0.24375
6 0.05078125 0.959375 0.1015625 0.08125
6 0.29921875 0.9640625 0.1078125 0.071875
6 0.5859375 0.8703125 0.4125 0.259375