8 0.21171875 0.24375 0.4234375 0.35
8 0.734375 0.3703125 0.240625 0.096875
8 0.66328125 0.1171875 0.2078125 0.234375
8 0.934375 0.278125 0.13125 0.25625
8 0.81484375 0.11328125 0.1671875 0.2265625
8 0.52734375 0.2359375 0.1765625 0.228125
8 0.1296875 0.47734375 0.103125 0.1171875
8 0.17578125 0.66875 0.125 0.15625
8 0.2875 0.43359375 0.06875 0.0296875
8 0.69453125 0.6921875 0.103125 0.13671875
8 0.92421875 0.834375 0.1515625 0.165625
8 0.86875 0.5625 0.07421875 0.12734375
8 0.55078125 0.93984375 0.1109375 0.1203125
8 0.6765625 0.5109375 0.0765625 0.1109375
8 0.5171875 0.49375 0.103125 0.14453125