6 0.4828125 0.384375 0.053125 0.228125
6 0.21953125 0.4375 0.1296875 0.1625
6 0.32421875 0.3609375 0.2046875 0.2453125
6 0.08828125 0.2 0.1765625 0.4
6 0.0703125 0.43359375 0.140625 0.1703125
6 0.55234375 0.46015625 0.0859375 0.1171875
6 0.5671875 0.22109375 0.0625 0.1109375
6 0.81953125 0.13671875 0.071875 0.14453125
6 0.83671875 0.3421875 0.11796875 0.11328125
6 0.82109375 0.478125 0.0578125 0.08125
6 0.68125 0.45546875 0.0890625 0.11796875
6 0.5421875 0.01875 0.065625 0.0375
6 0.26796875 0.57109375 0.0640625 0.1046875
6 0.171875 0.68203125 0.10546875 0.11796875
6 0.11796875 0.85625 0.1109375 0.146875
6 0.45546875 0.76875 0.10546875 0.103125
6 0.46953125 0.59453125 0.0796875 0.1390625
6 0.08203125 0.546875 0.0765625 0.05625