8 0.375 0.24765625 0.0875 0.2140625
8 0.23515625 0.08515625 0.0859375 0.1703125
8 0.33671875 0.6046875 0.1296875 0.16875
8 0.028125 0.48828125 0.05625 0.1390625
8 0.7203125 0.25625 0.16328125 0.18984375
8 0.45 0.16640625 0.0625 0.3328125
8 0.696875 0.49609375 0.13203125 0.2015625
8 0.69140625 0.06640625 0.1203125 0.1328125
8 0.81484375 0.046875 0.1484375 0.09375
8 0.96640625 0.3671875 0.0671875 0.184375
8 0.29765625 0.8234375 0.0484375 0.11328125
8 0.13125 0.7890625 0.0625 0.11796875
8 0.91953125 0.82109375 0.1609375 0.2640625
8 0.8109375 0.859375 0.175 0.28125