8 0.3625 0.21484375 0.409375 0.4296875
8 0.7859375 0.2921875 0.234375 0.275
8 0.90859375 0.12578125 0.1828125 0.2515625
8 0.95546875 0.30625 0.0890625 0.246875
8 0.7265625 0.1 0.115625 0.2
8 0.30546875 0.61953125 0.1828125 0.3796875
8 0.50078125 0.7375 0.1609375 0.24765625
8 0.61328125 0.82421875 0.1109375 0.2203125
8 0.609375 0.59453125 0.09609375 0.2046875
8 0.50234375 0.525 0.09375 0.18984375
8 0.1625 0.5921875 0.0890625 0.1703125
8 0.06328125 0.52421875 0.1265625 0.1890625
8 0.05859375 0.84765625 0.1171875 0.3046875
8 0.1859375 0.8734375 0.09375 0.178125
8 0.953125 0.56640625 0.09375 0.2234375
8 0.909375 0.765625 0.17578125 0.240625