5 0.03203125 0.28046875 0.0640625 0.1265625
5 0.29609375 0.1359375 0.09375 0.18984375
5 0.1734375 0.190625 0.0671875 0.15859375
5 0.13359375 0.38046875 0.06484375 0.1421875
5 0.43671875 0.0671875 0.0765625 0.134375
5 0.4125 0.46953125 0.0984375 0.2359375
5 0.49140625 0.21015625 0.0171875 0.1390625
5 0.3875 0.2796875 0.06953125 0.12265625
5 0.30078125 0.3203125 0.0671875 0.14453125
5 0.28984375 0.51328125 0.0796875 0.16796875
5 0.1828125 0.5234375 0.0796875 0.11328125
5 0.79921875 0.3296875 0.4015625 0.659375
5 0.25 0.8296875 0.5 0.340625
5 0.71796875 0.77734375 0.4359375 0.2359375