8 0.4234375 0.2578125 0.1125 0.084375
8 0.5515625 0.08984375 0.084375 0.1703125
8 0.67421875 0.15 0.1296875 0.3
8 0.95625 0.20625 0.0875 0.1875
8 0.09296875 0.5390625 0.1859375 0.40625
8 0.33125 0.54609375 0.22578125 0.3609375
8 0.54140625 0.54140625 0.1359375 0.4328125
8 0.33046875 0.9328125 0.2515625 0.134375
8 0.06640625 0.91640625 0.1328125 0.1671875
8 0.96484375 0.61328125 0.0703125 0.1265625
8 0.63203125 0.74296875 0.0453125 0.1484375
8 0.70546875 0.484375 0.071875 0.1109375
8 0.7796875 0.834375 0.1203125 0.09375
8 0.728125 0.96015625 0.0625 0.0796875
8 0.8875 0.5109375 0.06953125 0.10546875
8 0.94921875 0.42890625 0.08671875 0.1875