8 0.0703125 0.1453125 0.140625 0.221875
8 0.46171875 0.08046875 0.1953125 0.1609375
8 0.44375 0.15546875 0.23125 0.1515625
8 0.0203125 0.55390625 0.040625 0.1921875
8 0.33984375 0.56953125 0.1421875 0.28359375
8 0.50703125 0.91796875 0.1046875 0.1640625
8 0.4875 0.67734375 0.11328125 0.20703125
8 0.51875 0.36328125 0.08125 0.1421875
8 0.4140625 0.4296875 0.1109375 0.17578125
8 0.390625 0.34921875 0.146875 0.1203125
8 0.1828125 0.34375 0.10625 0.109375
8 0.17109375 0.87109375 0.0921875 0.2578125
8 0.28984375 0.90234375 0.1046875 0.1953125
8 0.03984375 0.79140625 0.0796875 0.2421875
8 0.82890625 0.728125 0.3421875 0.54375