8 0.2078125 0.13828125 0.0796875 0.15390625
8 0.4 0.05625 0.059375 0.1125
8 0.21640625 0.46875 0.10078125 0.16796875
8 0.19140625 0.3078125 0.0796875 0.1609375
8 0.04140625 0.2125 0.0625 0.0984375
8 0.03046875 0.43203125 0.0609375 0.0953125
8 0.05234375 0.521875 0.0546875 0.134375
8 0.0171875 0.05625 0.034375 0.1125
8 0.62734375 0.20390625 0.3171875 0.4078125
8 0.91875 0.19140625 0.1625 0.3828125
8 0.77890625 0.50390625 0.4421875 0.1703125
8 0.27421875 0.79453125 0.3890625 0.4109375
8 0.92890625 0.653125 0.1421875 0.128125
8 0.8546875 0.78125 0.196875 0.25
8 0.5046875 0.73984375 0.071875 0.3015625
8 0.5703125 0.675 0.134375 0.171875