6 0.26953125 0.284375 0.5390625 0.56875
6 0.809375 0.3390625 0.196875 0.25
6 0.9484375 0.18359375 0.103125 0.2640625
6 0.6515625 0.49453125 0.225 0.1484375
6 0.78359375 0.065625 0.1953125 0.13125
6 0.8046875 0.171875 0.16796875 0.18984375
6 0.64453125 0.12421875 0.2109375 0.2046875
6 0.66640625 0.31015625 0.22109375 0.23828125
6 0.14765625 0.86796875 0.2953125 0.2640625
6 0.14609375 0.82890625 0.2921875 0.3421875
6 0.33515625 0.67421875 0.3484375 0.2109375
6 0.40859375 0.85703125 0.2609375 0.2859375
6 0.9515625 0.66640625 0.096875 0.1953125
6 0.5625 0.79140625 0.046875 0.2453125
6 0.659375 0.88203125 0.165625 0.1609375
6 0.79765625 0.62734375 0.2609375 0.1171875