5 0.55 0.15859375 0.21875 0.3171875
5 0.22734375 0.32890625 0.1703125 0.3203125
8 0.70625 0.26640625 0.09375 0.1765625
8 0.74453125 0.13125 0.0890625 0.19453125
8 0.80234375 0.14921875 0.084375 0.15859375
8 0.85078125 0.4453125 0.1609375 0.0875
8 0.70703125 0.44140625 0.0828125 0.0953125
8 0.96171875 0.27109375 0.0765625 0.1171875
8 0.9109375 0.26328125 0.053125 0.15859375
8 0.07890625 0.85390625 0.1578125 0.1765625
8 0.14921875 0.71875 0.0890625 0.19453125
8 0.20703125 0.73671875 0.084375 0.15859375
8 0.37421875 0.859375 0.09140625 0.11796875
8 0.315625 0.85078125 0.053125 0.15859375
8 0.96875 0.55546875 0.0625 0.1328125
8 0.85234375 0.89453125 0.12734375 0.14453125