8 0.26484375 0.359375 0.5296875 0.71875
8 0.97109375 0.1625 0.0578125 0.084375
8 0.60859375 0.2546875 0.0765625 0.0890625
8 0.5546875 0.1921875 0.05 0.11875
8 0.61796875 0.1484375 0.084375 0.11328125
8 0.68828125 0.1296875 0.0765625 0.08671875
8 0.69765625 0.21484375 0.103125 0.0765625
8 0.7875 0.27578125 0.08671875 0.103125
8 0.56640625 0.35859375 0.0734375 0.0828125
8 0.675 0.3734375 0.09375 0.08203125
8 0.98125 0.390625 0.0375 0.090625
8 0.959375 0.25703125 0.08125 0.0671875
8 0.94765625 0.325 0.103125 0.08203125
5 0.26484375 0.859375 0.5296875 0.28125
5 0.76484375 0.82734375 0.4703125 0.2171875