8 0.08359375 0.1703125 0.1671875 0.21875
8 0.03046875 0.52734375 0.0609375 0.0453125
8 0.25546875 0.38984375 0.12265625 0.165625
8 0.31015625 0.1796875 0.0390625 0.084375
8 0.2875 0.04453125 0.084375 0.0890625
8 0.60703125 0.275 0.5546875 0.55
8 0.1390625 0.66875 0.0671875 0.13671875
8 0.28203125 0.67109375 0.0953125 0.1671875
8 0.1421875 0.8359375 0.1296875 0.13671875
8 0.246875 0.890625 0.0796875 0.0984375
8 0.83984375 0.95859375 0.1953125 0.0828125
8 0.66953125 0.93984375 0.1203125 0.1203125
8 0.55546875 0.88515625 0.1515625 0.2296875