6 0.1421875 0.0578125 0.125 0.115625
6 0.725 0.14453125 0.55 0.2890625
6 0.27265625 0.5484375 0.14921875 0.13203125
6 0.11171875 0.790625 0.115625 0.1421875
6 0.1296875 0.35078125 0.11875 0.1234375
6 0.28671875 0.41484375 0.084375 0.15625
6 0.371875 0.41328125 0.071875 0.165625
6 0.42265625 0.71328125 0.0546875 0.1328125
6 0.36171875 0.72265625 0.07421875 0.18984375
6 0.38515625 0.94609375 0.0984375 0.1078125
6 0.26796875 0.92890625 0.1203125 0.1421875
6 0.07421875 0.51328125 0.09375 0.1421875
8 0.88984375 0.4125 0.13203125 0.2234375
8 0.48828125 0.67734375 0.0765625 0.2078125
8 0.61328125 0.5734375 0.12734375 0.22578125
8 0.75 0.70546875 0.12265625 0.2234375
8 0.68203125 0.79296875 0.12734375 0.1421875
8 0.67265625 0.32109375 0.1359375 0.0640625