6 0.209375 0.1578125 0.41875 0.315625
6 0.728125 0.325 0.11796875 0.103125
6 0.86875 0.32890625 0.08203125 0.13671875
6 0.459375 0.33203125 0.08125 0.1546875
6 0.4296875 0.078125 0.021875 0.146875
6 0.765625 0.10546875 0.06953125 0.10546875
6 0.846875 0.134375 0.0765625 0.13203125
6 0.978125 0.09609375 0.04375 0.1109375
6 0.96171875 0.2109375 0.0578125 0.103125
6 0.56015625 0.4390625 0.0859375 0.059375
6 0.5625 0.2125 0.1078125 0.1109375
6 0.64921875 0.2125 0.0671875 0.146875
6 0.540625 0.0703125 0.07421875 0.0984375
6 0.07109375 0.5140625 0.1421875 0.090625
6 0.203125 0.596875 0.146875 0.25625
6 0.0921875 0.93515625 0.103125 0.1296875
6 0.33515625 0.8109375 0.1671875 0.240625
6 0.6421875 0.703125 0.428125 0.46875
6 0.50546875 0.73359375 0.1734375 0.2953125