6 0.25625 0.18984375 0.165625 0.3796875
8 0.4125 0.29609375 0.134375 0.11796875
8 0.95703125 0.3171875 0.0859375 0.103125
8 0.86484375 0.2921875 0.10078125 0.125
8 0.7796875 0.36171875 0.1125 0.0359375
8 0.365625 0.16171875 0.053125 0.1203125
8 0.7265625 0.040625 0.10625 0.08125
6 0.0875 0.51953125 0.175 0.2796875
6 0.1875 0.85625 0.1734375 0.23828125
6 0.2671875 0.66328125 0.14375 0.2296875
6 0.31328125 0.80078125 0.0515625 0.1578125
6 0.27890625 0.9265625 0.1203125 0.146875
8 0.73671875 0.5484375 0.1703125 0.3375
8 0.540625 0.65546875 0.2234375 0.40859375
8 0.82890625 0.85546875 0.2109375 0.2890625
8 0.94453125 0.509375 0.1109375 0.19375