8 0.30703125 0.07109375 0.0859375 0.1421875
8 0.0796875 0.284375 0.159375 0.253125
8 0.16328125 0.403125 0.2078125 0.1125
8 0.2578125 0.209375 0.16328125 0.19453125
8 0.1203125 0.12578125 0.153125 0.2515625
8 0.5015625 0.2296875 0.303125 0.459375
8 0.83828125 0.23984375 0.3234375 0.4390625
8 0.2546875 0.59453125 0.190625 0.2265625
8 0.06328125 0.67734375 0.1265625 0.1671875
8 0.07890625 0.53828125 0.1578125 0.1578125
8 0.25859375 0.95234375 0.1640625 0.0953125
8 0.1 0.91484375 0.14375 0.1703125
8 0.675 0.7296875 0.65 0.540625