6 0.12109375 0.28671875 0.2421875 0.5046875
6 0.90859375 0.42890625 0.1828125 0.2203125
6 0.70234375 0.50390625 0.2421875 0.0703125
6 0.53046875 0.46640625 0.2109375 0.1453125
6 0.6625 0.19453125 0.1515625 0.19921875
6 0.93046875 0.06484375 0.1390625 0.1296875
6 0.184375 0.8234375 0.36875 0.353125
8 0.48828125 0.57421875 0.2390625 0.0703125
8 0.73828125 0.7265625 0.2671875 0.375
8 0.87265625 0.93984375 0.2140625 0.1203125
8 0.6484375 0.93671875 0.228125 0.1265625
8 0.5640625 0.80234375 0.32421875 0.334375
8 0.46796875 0.934375 0.1984375 0.13125