5 0.09921875 0.3546875 0.134375 0.18984375
5 0.38125 0.43046875 0.12265625 0.196875
5 0.5734375 0.44453125 0.12734375 0.196875
5 0.23203125 0.484375 0.0796875 0.1609375
5 0.0421875 0.59375 0.084375 0.1390625
5 0.14296875 0.65078125 0.0734375 0.1359375
5 0.4609375 0.659375 0.090625 0.11875
5 0.33125 0.66484375 0.159375 0.1078125
5 0.625 0.6609375 0.0875 0.115625
5 0.1 0.0828125 0.146875 0.165625
5 0.52890625 0.115625 0.09140625 0.1609375
5 0.33671875 0.146875 0.14453125 0.25703125
5 0.63671875 0.19296875 0.0640625 0.1859375
5 0.46640625 0.859375 0.4046875 0.28125
5 0.128125 0.859375 0.25625 0.28125
5 0.7453125 0.859375 0.153125 0.28125
5 0.9140625 0.859375 0.171875 0.28125