6 0.16484375 0.309375 0.3296875 0.61875
8 0.70390625 0.13359375 0.2484375 0.2671875
8 0.45703125 0.33984375 0.2546875 0.4890625
8 0.53984375 0.58125 0.2359375 0.075
8 0.62578125 0.4578125 0.3328125 0.321875
8 0.76640625 0.57890625 0.2890625 0.0796875
6 0.25859375 0.79921875 0.1421875 0.3609375
6 0.08828125 0.74765625 0.1421875 0.2578125
6 0.91640625 0.68125 0.1015625 0.125
6 0.903125 0.90390625 0.0625 0.1109375
6 0.3765625 0.734375 0.09375 0.23125
6 0.5453125 0.91015625 0.165625 0.1796875
6 0.7078125 0.92734375 0.084375 0.1453125