6 0.24921875 0.27734375 0.2453125 0.3171875
6 0.38359375 0.58125 0.1734375 0.1375
6 0.046875 0.1171875 0.09375 0.234375
6 0.465625 0.440625 0.146875 0.23046875
6 0.5390625 0.4140625 0.021875 0.25
6 0.5171875 0.57421875 0.065625 0.1515625
6 0.10234375 0.596875 0.1109375 0.10625
6 0.07890625 0.26640625 0.11796875 0.19453125
6 0.33515625 0.0828125 0.1390625 0.165625
6 0.4984375 0.12109375 0.103125 0.2421875
6 0.58125 0.26640625 0.0625 0.0859375
6 0.634375 0.346875 0.0984375 0.11328125
6 0.7078125 0.1953125 0.07421875 0.115625
6 0.696875 0.2796875 0.08203125 0.0625
6 0.79140625 0.32109375 0.10078125 0.12265625
6 0.74609375 0.47890625 0.0796875 0.1390625
6 0.621875 0.51875 0.09609375 0.09140625
6 0.56640625 0.12109375 0.0328125 0.0734375
6 0.61875 0.09453125 0.08203125 0.10078125
6 0.6671875 0.03515625 0.08125 0.0703125
6 0.73359375 0.034375 0.0890625 0.06875
6 0.77265625 0.159375 0.09609375 0.10078125
6 0.878125 0.3359375 0.08671875 0.07421875
6 0.8421875 0.4671875 0.08203125 0.05078125
6 0.58984375 0.6265625 0.0796875 0.046875
6 0.275 0.825 0.55 0.35
6 0.665625 0.83984375 0.23125 0.3203125
6 0.7984375 0.7609375 0.353125 0.221875
6 0.7109375 0.9625 0.18125 0.075