6 0.065625 0.46484375 0.0625 0.0890625
6 0.396875 0.58203125 0.0578125 0.08671875
6 0.47109375 0.58359375 0.0765625 0.0796875
6 0.63515625 0.3125 0.228125 0.365625
6 0.87109375 0.28828125 0.24765625 0.24765625
6 0.546875 0.428125 0.075 0.240625
6 0.659375 0.59375 0.3 0.23125
6 0.9203125 0.10703125 0.159375 0.1390625
6 0.72734375 0.065625 0.2140625 0.13125
6 0.54765625 0.10703125 0.0765625 0.1390625
6 0.98359375 0.40546875 0.0328125 0.1453125
6 0.14296875 0.91015625 0.11796875 0.15859375
6 0.19140625 0.7375 0.1171875 0.05625
6 0.33203125 0.74765625 0.0828125 0.0765625
6 0.38828125 0.928125 0.084375 0.09375
6 0.28203125 0.959375 0.0890625 0.08125
6 0.03359375 0.8625 0.0671875 0.128125
6 0.7796875 0.85703125 0.440625 0.2859375