6 0.3 0.30234375 0.6 0.6046875
6 0.953125 0.2015625 0.09140625 0.13203125
6 0.703125 0.21953125 0.053125 0.06484375
6 0.94453125 0.42265625 0.0484375 0.07421875
6 0.80625 0.3890625 0.0484375 0.0578125
6 0.5421875 0.825 0.115625 0.35
6 0.2234375 0.9390625 0.146875 0.121875
6 0.3140625 0.6984375 0.115625 0.096875
6 0.04921875 0.8609375 0.0984375 0.278125
6 0.03671875 0.76875 0.0734375 0.2375
6 0.75234375 0.9484375 0.3046875 0.103125
6 0.71015625 0.67890625 0.1703125 0.0578125
6 0.92890625 0.77421875 0.1421875 0.1484375