6 0.31953125 0.17890625 0.6390625 0.3203125
6 0.7359375 0.10078125 0.1515625 0.19921875
6 0.45 0.54375 0.12734375 0.09375
6 0.13671875 0.921875 0.0734375 0.15625
6 0.046875 0.95078125 0.09375 0.0984375
6 0.22265625 0.95078125 0.0828125 0.0984375
6 0.05234375 0.73984375 0.071875 0.0984375
6 0.821875 0.58203125 0.28359375 0.34375
6 0.96171875 0.865625 0.0765625 0.26875
6 0.834375 0.865625 0.221875 0.26875
6 0.70078125 0.859375 0.1234375 0.28125
6 0.67109375 0.61171875 0.0640625 0.2890625
6 0.90234375 0.45390625 0.1953125 0.2296875
6 0.7234375 0.4375 0.16875 0.196875