7 0.9109375 0.209375 0.178125 0.41875
7 0.67578125 0.22734375 0.3515625 0.3828125
6 0.0640625 0.72109375 0.128125 0.3265625
6 0.184375 0.79375 0.16796875 0.25234375
6 0.1703125 0.9234375 0.18125 0.153125
6 0.0609375 0.91015625 0.121875 0.1796875
6 0.6125 0.45 0.1625 0.0625
6 0.75625 0.5296875 0.178125 0.221875
6 0.925 0.4546875 0.15 0.071875
6 0.82578125 0.60625 0.18984375 0.1734375
6 0.88359375 0.71875 0.2328125 0.25625
6 0.915625 0.5375 0.16875 0.228125
6 0.696875 0.95625 0.246875 0.0875
6 0.94296875 0.96875 0.1140625 0.0625
6 0.59140625 0.5765625 0.1828125 0.21875