7 0.2390625 0.209375 0.359375 0.41875
6 0.93515625 0.3140625 0.1296875 0.209375
6 0.65234375 0.37734375 0.1765625 0.0828125
6 0.82109375 0.22734375 0.1828125 0.22109375
6 0.66953125 0.17890625 0.084375 0.15859375
6 0.16796875 0.51484375 0.3359375 0.1921875
6 0.5078125 0.771875 0.178125 0.225
6 0.7734375 0.6390625 0.165625 0.21171875
6 0.91328125 0.73125 0.1734375 0.353125
6 0.9453125 0.871875 0.109375 0.175
6 0.8421875 0.4609375 0.259375 0.084375
6 0.57421875 0.4859375 0.2671875 0.134375
6 0.49453125 0.9109375 0.1515625 0.178125
6 0.74921875 0.8421875 0.1875 0.22109375