7 0.225 0.1296875 0.45 0.259375
7 0.5546875 0.12421875 0.209375 0.2484375
7 0.746875 0.0390625 0.25 0.078125
7 0.80625 0.12421875 0.3875 0.2140625
6 0.11015625 0.434375 0.2203125 0.35
6 0.1546875 0.78046875 0.309375 0.4109375
6 0.225 0.93671875 0.45 0.1265625
6 0.378125 0.66015625 0.14375 0.4109375
6 0.55625 0.70703125 0.2125 0.2234375
6 0.83515625 0.57578125 0.16328125 0.21171875
6 0.94453125 0.66640625 0.1109375 0.3484375
6 0.97578125 0.80546875 0.0484375 0.1734375
6 0.8875 0.35390625 0.225 0.1734375
6 0.63828125 0.40390625 0.26171875 0.1703125
6 0.4765625 0.45234375 0.053125 0.2265625
6 0.5421875 0.87734375 0.184375 0.2453125
6 0.8125 0.7765625 0.18515625 0.21875