6 0.13984375 0.2046875 0.2796875 0.409375
6 0.81015625 0.084375 0.14921875 0.11796875
6 0.5234375 0.01640625 0.1375 0.0328125
6 0.428125 0.028125 0.103125 0.05625
6 0.68359375 0.046875 0.1421875 0.09375
6 0.13984375 0.7046875 0.2796875 0.590625
6 0.72109375 0.90859375 0.1078125 0.17578125
6 0.74609375 0.6375 0.06015625 0.1109375
6 0.98203125 0.5515625 0.0359375 0.146875
6 0.97890625 0.76015625 0.0421875 0.1140625
6 0.98671875 0.91328125 0.0265625 0.1109375
6 0.5265625 0.68203125 0.0578125 0.0984375
6 0.6390625 0.59765625 0.0453125 0.084375
6 0.65234375 0.75625 0.08203125 0.10546875
6 0.56328125 0.91953125 0.0625 0.0890625
6 0.86171875 0.875 0.0890625 0.11796875
6 0.71875 0.4296875 0.071875 0.040625