6 0.3265625 0.10390625 0.134375 0.2078125
6 0.4953125 0.128125 0.109375 0.25625
6 0.19765625 0.20625 0.23046875 0.334375
6 0.440625 0.35546875 0.21875 0.2265625
6 0.1390625 0.4203125 0.278125 0.096875
6 0.68203125 0.2734375 0.19453125 0.31015625
6 0.58515625 0.42734375 0.0703125 0.0828125
6 0.85703125 0.1984375 0.16796875 0.2140625
6 0.88203125 0.3734375 0.1796875 0.190625
6 0.82265625 0.43203125 0.1296875 0.0734375
6 0.48515625 0.53125 0.1296875 0.125
6 0.02734375 0.56171875 0.0546875 0.1859375
6 0.1125 0.85859375 0.19453125 0.2453125
6 0.28125 0.934375 0.1625 0.13125
6 0.284375 0.5671875 0.20703125 0.1609375
6 0.4203125 0.63984375 0.259375 0.2265625
6 0.72890625 0.6640625 0.3578125 0.390625
6 0.86875 0.80703125 0.2625 0.3859375