6 0.1484375 0.18359375 0.10078125 0.13203125
6 0.03046875 0.17890625 0.0609375 0.1203125
6 0.33046875 0.0671875 0.0796875 0.134375
6 0.23515625 0.05 0.0734375 0.1
7 0.54140625 0.075 0.2640625 0.15
7 0.46640625 0.2203125 0.1734375 0.18125
7 0.828125 0.3375 0.253125 0.04375
7 0.8 0.075 0.26875 0.15
7 0.5421875 0.32265625 0.275 0.0734375
7 0.71484375 0.23515625 0.19921875 0.2015625
7 0.0953125 0.6921875 0.190625 0.45
7 0.29140625 0.6328125 0.1765625 0.546875
7 0.40234375 0.5875 0.0453125 0.215625
7 0.6625 0.63359375 0.06484375 0.15859375
7 0.73828125 0.70859375 0.0578125 0.09140625
7 0.49296875 0.7140625 0.103125 0.178125