8 0.20234375 0.13203125 0.14921875 0.23046875
8 0.24765625 0.015625 0.2046875 0.03125
8 0.471875 0.03203125 0.11875 0.0640625
8 0.77421875 0.21640625 0.2890625 0.1453125
8 0.8265625 0.09453125 0.303125 0.1890625
5 0.18828125 0.5765625 0.26953125 0.33203125
8 0.92109375 0.47734375 0.115625 0.084375
8 0.640625 0.4453125 0.021875 0.08125
8 0.65234375 0.52734375 0.0453125 0.0734375
8 0.71171875 0.58828125 0.084375 0.10078125
8 0.9328125 0.70078125 0.10078125 0.08671875
8 0.90546875 0.5703125 0.12734375 0.0625
8 0.9609375 0.61328125 0.078125 0.0796875
8 0.86796875 0.6359375 0.10078125 0.0796875