6 0.29453125 0.33125 0.3265625 0.3375
6 0.05625 0.18671875 0.1125 0.3734375
6 0.36015625 0.06328125 0.3578125 0.1265625
6 0.41875 0.1828125 0.240625 0.34375
6 0.3875 0.45390625 0.18125 0.0921875
6 0.70859375 0.0875 0.3390625 0.175
6 0.634375 0.30078125 0.190625 0.1359375
6 0.821875 0.446875 0.35625 0.10625
8 0.02890625 0.75 0.0578125 0.11875
8 0.515625 0.771875 0.046875 0.103125
8 0.44296875 0.746875 0.10078125 0.125
8 0.35859375 0.86015625 0.11328125 0.12265625
8 0.3046875 0.51796875 0.10625 0.0359375
6 0.83359375 0.72734375 0.3328125 0.4546875