8 0.42265625 0.2875 0.10078125 0.1296875
8 0.16171875 0.075 0.0484375 0.11328125
8 0.0140625 0.45234375 0.028125 0.0734375
8 0.01328125 0.04921875 0.0265625 0.0984375
8 0.68671875 0.10859375 0.04296875 0.084375
8 0.95078125 0.32578125 0.0984375 0.3140625
8 0.40234375 0.53125 0.1359375 0.084375
8 0.66015625 0.59296875 0.0984375 0.2078125
8 0.6125 0.8359375 0.19375 0.246875
8 0.40078125 0.7328125 0.18046875 0.19921875
8 0.2375 0.6953125 0.13671875 0.3390625
8 0.79921875 0.759375 0.1796875 0.48125
8 0.934375 0.6921875 0.13125 0.40625
8 0.871875 0.5171875 0.25625 0.05625
8 0.9140625 0.93125 0.171875 0.1375