6 0.3515625 0.35703125 0.334375 0.1859375
6 0.25 0.11328125 0.434375 0.2265625
6 0.17265625 0.27890625 0.3453125 0.3421875
6 0.8859375 0.18359375 0.228125 0.3671875
6 0.58046875 0.1640625 0.0609375 0.228125
6 0.2296875 0.725 0.459375 0.55
6 0.90546875 0.48046875 0.1484375 0.0609375
6 0.58515625 0.5453125 0.0703125 0.13125
6 0.62890625 0.73828125 0.10078125 0.19921875
6 0.9546875 0.94609375 0.090625 0.1078125
6 0.73203125 0.60859375 0.103125 0.13203125
6 0.81875 0.61875 0.07421875 0.18984375
6 0.79453125 0.88671875 0.09609375 0.19453125
6 0.91171875 0.825 0.1203125 0.14453125
6 0.590625 0.94296875 0.08125 0.1140625
6 0.66328125 0.9390625 0.1078125 0.121875