7 0.3046875 0.275 0.609375 0.55
6 0.865625 0.09453125 0.175 0.1890625
6 0.9203125 0.15546875 0.159375 0.1734375
6 0.93828125 0.26640625 0.1234375 0.2546875
6 0.9703125 0.09921875 0.059375 0.1984375
6 0.80703125 0.50390625 0.2453125 0.0921875
6 0.70234375 0.12578125 0.18515625 0.21640625
6 0.115625 0.70625 0.23125 0.278125
6 0.07578125 0.909375 0.1515625 0.18125
6 0.35546875 0.8796875 0.2921875 0.240625
6 0.22109375 0.9453125 0.1859375 0.109375
6 0.4640625 0.63125 0.125 0.1625
6 0.3015625 0.590625 0.19375 0.08125
6 0.17578125 0.58828125 0.1328125 0.0765625
7 0.8046875 0.6484375 0.390625 0.196875