8 0.35546875 0.30078125 0.103125 0.1390625
8 0.11796875 0.4359375 0.1578125 0.146875
8 0.18046875 0.16953125 0.0765625 0.12734375
8 0.3515625 0.021875 0.125 0.04375
8 0.3734375 0.11953125 0.07421875 0.1109375
8 0.95859375 0.38359375 0.0828125 0.2515625
8 0.8515625 0.2296875 0.296875 0.384375
8 0.84140625 0.44140625 0.2328125 0.1359375
8 0.3234375 0.715625 0.13671875 0.24765625
8 0.034375 0.78359375 0.06875 0.1828125
8 0.25859375 0.62421875 0.3265625 0.2296875
8 0.80078125 0.5890625 0.1421875 0.159375
8 0.56875 0.7875 0.21875 0.30625
8 0.61171875 0.5359375 0.1109375 0.053125