6 0.396875 0.2859375 0.334375 0.446875
6 0.625 0.1390625 0.0875 0.278125
6 0.21015625 0.1296875 0.3609375 0.259375
6 0.03125 0.0625 0.0625 0.125
6 0.0515625 0.38046875 0.103125 0.2578125
6 0.29921875 0.41171875 0.1828125 0.1953125
8 0.81484375 0.0765625 0.1640625 0.153125
8 0.746875 0.31796875 0.115625 0.1390625
8 0.68828125 0.44140625 0.0390625 0.1359375
8 0.40703125 0.8828125 0.3578125 0.234375
8 0.62265625 0.8046875 0.0921875 0.390625
8 0.25390625 0.6859375 0.2234375 0.33203125
8 0.11328125 0.80703125 0.2265625 0.3859375
8 0.47109375 0.6375 0.3953125 0.25625
8 0.0421875 0.56015625 0.084375 0.1015625
6 0.68359375 0.6125 0.0296875 0.16875
6 0.7328125 0.7921875 0.12734375 0.13203125
6 0.871875 0.8140625 0.103125 0.16796875
6 0.6890625 0.9421875 0.040625 0.115625