6 0.59296875 0.17421875 0.0515625 0.1953125
6 0.10546875 0.17578125 0.1828125 0.16328125
6 0.3 0.33203125 0.2046875 0.19453125
6 0.1234375 0.44296875 0.15625 0.1515625
6 0.90859375 0.07421875 0.1828125 0.1484375
6 0.86484375 0.3953125 0.2640625 0.246875
6 0.69296875 0.1734375 0.1484375 0.184375
6 0.69921875 0.35625 0.1609375 0.221875
6 0.68984375 0.48125 0.1421875 0.075
6 0.75078125 0.059375 0.1578125 0.11875
6 0.50859375 0.62578125 0.2203125 0.2140625
6 0.50703125 0.87578125 0.2234375 0.2484375
6 0.74453125 0.7953125 0.2515625 0.409375