8 0.334375 0.4859375 0.090625 0.128125
8 0.221875 0.49609375 0.1125 0.1078125
8 0.1734375 0.22109375 0.0984375 0.1203125
8 0.72265625 0.05859375 0.2203125 0.1171875
8 0.5640625 0.1203125 0.134375 0.15390625
8 0.58984375 0.0234375 0.1796875 0.046875
8 0.84453125 0.20546875 0.146875 0.228125
8 0.79296875 0.4421875 0.2359375 0.215625
8 0.56328125 0.353125 0.18046875 0.196875
8 0.42421875 0.315625 0.0890625 0.334375
8 0.12578125 0.78203125 0.2515625 0.4359375
8 0.2390625 0.87890625 0.28125 0.2421875
5 0.68984375 0.74921875 0.6203125 0.3984375