8 0.24375 0.39140625 0.14453125 0.25
8 0.140625 0.25234375 0.1296875 0.13671875
8 0.5234375 0.378125 0.10546875 0.11796875
8 0.82109375 0.36328125 0.09140625 0.12265625
8 0.7453125 0.7140625 0.115625 0.05
8 0.884375 0.70546875 0.090625 0.0671875
8 0.496875 0.70859375 0.15625 0.0609375
8 0.45390625 0.5921875 0.0703125 0.196875
8 0.53046875 0.60859375 0.09140625 0.11796875
8 0.7296875 0.57734375 0.10078125 0.146875
8 0.5734375 0.2734375 0.10078125 0.10078125
8 0.784375 0.26484375 0.1734375 0.1078125
8 0.94765625 0.54609375 0.1046875 0.1734375
8 0.209375 0.86953125 0.41875 0.2609375
8 0.565625 0.815625 0.0671875 0.115625
8 0.66640625 0.79609375 0.0796875 0.1140625
8 0.978125 0.97734375 0.04375 0.0453125
8 0.44921875 0.9453125 0.0609375 0.10625