6 0.04375 0.465625 0.0875 0.115625
6 0.11328125 0.31015625 0.0765625 0.1203125
6 0.103125 0.396875 0.08203125 0.06484375
6 0.19921875 0.44140625 0.10546875 0.12734375
6 0.03125 0.20625 0.0625 0.10625
6 0.07265625 0.13125 0.08203125 0.10078125
6 0.13984375 0.11328125 0.09140625 0.13671875
6 0.1796875 0.27421875 0.0984375 0.10546875
6 0.2890625 0.45546875 0.0890625 0.07421875
6 0.66953125 0.26484375 0.6609375 0.5296875
6 0.10390625 0.87578125 0.18984375 0.209375
6 0.27421875 0.9578125 0.1265625 0.084375
6 0.17265625 0.66796875 0.11328125 0.12265625
6 0.0390625 0.65390625 0.078125 0.1640625
6 0.66953125 0.76484375 0.6609375 0.4703125