8 0.2078125 0.2953125 0.415625 0.428125
8 0.58828125 0.46171875 0.1359375 0.0953125
8 0.675 0.28046875 0.11796875 0.14921875
8 0.63984375 0.1890625 0.15625 0.125
8 0.53046875 0.278125 0.0828125 0.13125
8 0.93203125 0.47421875 0.1328125 0.0703125
8 0.77890625 0.45234375 0.0953125 0.1140625
8 0.80078125 0.265625 0.06953125 0.12265625
8 0.16328125 0.7046875 0.3265625 0.390625
8 0.24453125 0.92265625 0.4890625 0.1546875
8 0.94296875 0.8 0.1140625 0.228125
8 0.87421875 0.61640625 0.2515625 0.2140625
8 0.7484375 0.83203125 0.18984375 0.196875
8 0.9078125 0.959375 0.184375 0.08125