6 0.14140625 0.175 0.12265625 0.1109375
6 0.496875 0.3125 0.025 0.090625
6 0.36796875 0.28671875 0.13203125 0.1109375
6 0.02578125 0.34375 0.0515625 0.071875
6 0.99296875 0.321875 0.0140625 0.16875
6 0.634375 0.36328125 0.0765625 0.0671875
6 0.77421875 0.40859375 0.0703125 0.0609375
6 0.1015625 0.803125 0.203125 0.39375
6 0.17578125 0.59453125 0.3515625 0.3109375
6 0.4359375 0.68828125 0.146875 0.3921875
8 0.85859375 0.73125 0.19453125 0.209375
8 0.95546875 0.9671875 0.0890625 0.065625
8 0.82265625 0.4890625 0.0578125 0.1
8 0.67421875 0.53203125 0.0640625 0.1859375
8 0.70078125 0.7875 0.07421875 0.134375
8 0.58203125 0.7375 0.10078125 0.12734375