5 0.1953125 0.08203125 0.175 0.1640625
5 0.2640625 0.28125 0.134375 0.13203125
5 0.56875 0.13203125 0.09609375 0.196875
5 0.4421875 0.1890625 0.06953125 0.16328125
5 0.4015625 0.38359375 0.06484375 0.146875
5 0.690625 0.06484375 0.0375 0.1296875
5 0.6734375 0.4609375 0.071875 0.215625
5 0.6625 0.28046875 0.071875 0.12734375
5 0.571875 0.321875 0.06953125 0.14921875
5 0.56171875 0.50078125 0.0828125 0.1359375
5 0.45234375 0.52109375 0.0828125 0.0953125
5 0.8546875 0.1671875 0.290625 0.334375
5 0.3546875 0.784375 0.709375 0.43125
5 0.8375 0.72265625 0.10546875 0.1109375
5 0.94609375 0.84296875 0.0625 0.115625
5 0.7390625 0.584375 0.059375 0.03125
5 0.96640625 0.72421875 0.0671875 0.1140625
5 0.7625 0.9484375 0.084375 0.103125