8 0.23515625 0.175 0.4484375 0.35
8 0.540625 0.30390625 0.1625 0.0921875
8 0.66328125 0.19375 0.12734375 0.21640625
8 0.9359375 0.190625 0.128125 0.24375
8 0.4703125 0.09453125 0.021875 0.1703125
8 0.25625 0.89609375 0.09609375 0.0984375
8 0.040625 0.6390625 0.0765625 0.07421875
8 0.184375 0.54140625 0.115625 0.08671875
8 0.40390625 0.67734375 0.0984375 0.09609375
8 0.35703125 0.40078125 0.0671875 0.1015625
8 0.3140625 0.5734375 0.0765625 0.0984375
8 0.20234375 0.7 0.08671875 0.1203125
8 0.15390625 0.92734375 0.06484375 0.1296875
8 0.72421875 0.6390625 0.34609375 0.48046875
8 0.88984375 0.96875 0.2203125 0.0625