6 0.11640625 0.5265625 0.2328125 0.184375
6 0.21640625 0.36484375 0.1671875 0.2515625
6 0.06484375 0.10234375 0.1296875 0.2046875
6 0.02265625 0.36953125 0.0453125 0.2578125
6 0.57734375 0.27109375 0.12734375 0.165625
6 0.7125 0.16015625 0.16328125 0.11796875
6 0.6484375 0.32578125 0.09140625 0.1296875
6 0.21953125 0.853125 0.1609375 0.29375
6 0.059375 0.8375 0.11875 0.315625
6 0.66015625 0.8046875 0.1078125 0.1734375
6 0.946875 0.66640625 0.10625 0.0953125
6 0.9390625 0.809375 0.0578125 0.1109375
6 0.59296875 0.6625 0.0796875 0.0875
6 0.5046875 0.815625 0.0625 0.08671875
6 0.7984375 0.77109375 0.08671875 0.11796875