5 0.36484375 0.390625 0.134375 0.134375
5 0.4359375 0.5328125 0.2875 0.053125
5 0.065625 0.50859375 0.13125 0.1015625
5 0.31015625 0.07265625 0.2234375 0.1453125
5 0.47578125 0.075 0.0890625 0.15
5 0.05703125 0.30390625 0.1140625 0.0765625
5 0.18359375 0.4 0.1390625 0.071875
5 0.53125 0.32109375 0.096875 0.0859375
5 0.83515625 0.21953125 0.13671875 0.21875
5 0.65078125 0.246875 0.1078125 0.2234375
5 0.28984375 0.7796875 0.5796875 0.440625
5 0.76484375 0.640625 0.3703125 0.1625
5 0.8609375 0.84453125 0.22109375 0.17578125