6 0.08203125 0.415625 0.1640625 0.346875
6 0.20546875 0.43359375 0.2859375 0.3109375
6 0.37734375 0.26171875 0.1640625 0.4109375
6 0.11953125 0.1375 0.2390625 0.275
6 0.65546875 0.14609375 0.3921875 0.2921875
6 0.8984375 0.353125 0.203125 0.471875
6 0.628125 0.37109375 0.3375 0.4359375
6 0.65625 0.25 0.0984375 0.1296875
6 0.78125 0.403125 0.0625 0.11796875
6 0.0953125 0.9609375 0.190625 0.078125
6 0.37421875 0.7390625 0.1421875 0.21875
6 0.08359375 0.6625 0.1046875 0.146875
6 0.16484375 0.8125 0.134375 0.22109375
6 0.7015625 0.79140625 0.384375 0.4046875