6 0.284375 0.28984375 0.56875 0.5796875
6 0.6546875 0.3453125 0.171875 0.46875
6 0.87734375 0.35234375 0.2453125 0.3890625
6 0.81875 0.10390625 0.3375 0.2078125
6 0.2046875 0.628125 0.21875 0.096875
6 0.4765625 0.6890625 0.184375 0.21875
6 0.45546875 0.85390625 0.2203125 0.2921875
6 0.14296875 0.9 0.2640625 0.2
6 0.02890625 0.884375 0.0578125 0.221875
6 0.05390625 0.61328125 0.1078125 0.0671875
6 0.9421875 0.80546875 0.115625 0.3890625
6 0.7125 0.8984375 0.240625 0.203125
6 0.7296875 0.69921875 0.275 0.2390625