8 0.18671875 0.19453125 0.3640625 0.3890625
8 0.95 0.22890625 0.1 0.2296875
8 0.93203125 0.02890625 0.1140625 0.0578125
8 0.6171875 0.1515625 0.09140625 0.26171875
8 0.7359375 0.203125 0.10546875 0.240625
8 0.4609375 0.0953125 0.128125 0.190625
8 0.0609375 0.50625 0.121875 0.234375
8 0.184375 0.83046875 0.36875 0.3390625
8 0.42421875 0.45703125 0.1109375 0.1359375
8 0.6484375 0.4546875 0.246875 0.13125
8 0.909375 0.45078125 0.18125 0.1234375
8 0.41953125 0.75625 0.1015625 0.28125
8 0.678125 0.7421875 0.30546875 0.2765625
8 0.92265625 0.73828125 0.1546875 0.2453125