7 0.07578125 0.41953125 0.13671875 0.1296875
7 0.34609375 0.4203125 0.08671875 0.1078125
7 0.09453125 0.2640625 0.12265625 0.0984375
7 0.18984375 0.0671875 0.14921875 0.09609375
7 0.4015625 0.05859375 0.103125 0.10546875
7 0.02265625 0.65859375 0.0453125 0.0796875
7 0.30390625 0.5734375 0.1515625 0.11328125
7 0.4875 0.31328125 0.125 0.0796875
7 0.3578125 0.30078125 0.1609375 0.0984375
7 0.0203125 0.09453125 0.040625 0.1234375
7 0.25078125 0.146875 0.1109375 0.0796875
7 0.4421875 0.58203125 0.15390625 0.10546875
7 0.17890625 0.64765625 0.13203125 0.10078125
7 0.51796875 0.70625 0.0640625 0.046875
7 0.5234375 0.471875 0.053125 0.0875
7 0.51953125 0.15234375 0.0609375 0.1203125
7 0.23671875 0.7203125 0.0828125 0.01875
7 0.34609375 0.72109375 0.1015625 0.0171875
7 0.775 0.36484375 0.45 0.7296875
7 0.4234375 0.86484375 0.196875 0.2703125
7 0.1125 0.86484375 0.1375 0.2703125
7 0.2578125 0.86484375 0.121875 0.2703125
7 0.92265625 0.90859375 0.1546875 0.1828125
7 0.765625 0.90859375 0.165625 0.1828125
7 0.62578125 0.9046875 0.1515625 0.190625