8 0.21484375 0.2546875 0.4296875 0.509375
8 0.696875 0.20859375 0.11328125 0.18984375
8 0.81171875 0.1921875 0.071875 0.1078125
8 0.52109375 0.40546875 0.0625 0.09609375
8 0.884375 0.44453125 0.084375 0.11328125
8 0.96953125 0.45859375 0.0609375 0.1015625
8 0.98515625 0.3640625 0.0296875 0.1125
8 0.553125 0.2515625 0.05078125 0.11328125
8 0.0953125 0.62421875 0.190625 0.2296875
8 0.49453125 0.6578125 0.1296875 0.296875
8 0.80546875 0.89609375 0.2609375 0.2078125
8 0.8296875 0.7171875 0.1921875 0.25