8 0.159375 0.2546875 0.31875 0.509375
8 0.81015625 0.0390625 0.1140625 0.078125
8 0.8875 0.0859375 0.12265625 0.1296875
8 0.58671875 0.2703125 0.13671875 0.196875
8 0.50234375 0.05625 0.1171875 0.1125
8 0.66171875 0.05078125 0.1109375 0.1015625
8 0.8421875 0.42265625 0.1375 0.1734375
8 0.60546875 0.43984375 0.1390625 0.1390625
8 0.4578125 0.4328125 0.0875 0.153125
8 0.3765625 0.3546875 0.0890625 0.14921875
8 0.3984375 0.23671875 0.09375 0.16796875
8 0.37578125 0.04140625 0.0703125 0.0828125
8 0.91796875 0.25 0.1640625 0.1625
8 0.95078125 0.43046875 0.0984375 0.1578125
8 0.75078125 0.14765625 0.08671875 0.10078125
8 0.80234375 0.2765625 0.084375 0.1203125
8 0.21484375 0.7546875 0.2078125 0.490625
8 0.7328125 0.7546875 0.534375 0.490625