6 0.23203125 0.16484375 0.4640625 0.3296875
6 0.75 0.13203125 0.5 0.2640625
6 0.1234375 0.60625 0.1421875 0.19921875
6 0.0234375 0.60078125 0.046875 0.2171875
6 0.25078125 0.9359375 0.1421875 0.128125
6 0.41328125 0.62265625 0.1734375 0.1921875
6 0.9796875 0.69609375 0.040625 0.0609375
6 0.8359375 0.78046875 0.071875 0.08203125
6 0.68515625 0.64140625 0.09375 0.084375
6 0.5078125 0.50703125 0.015625 0.1109375
6 0.65 0.9390625 0.084375 0.0890625
6 0.64140625 0.8171875 0.06015625 0.09609375
6 0.7109375 0.809375 0.0671875 0.09140625
6 0.74765625 0.3984375 0.11328125 0.10078125
6 0.98359375 0.359375 0.0328125 0.059375