6 0.56875 0.15 0.14921875 0.13203125
6 0.3171875 0.078125 0.13125 0.15625
6 0.21953125 0.25078125 0.12734375 0.13203125
6 0.0796875 0.27265625 0.10078125 0.16796875
6 0.29140625 0.44296875 0.10078125 0.19921875
6 0.6859375 0.38984375 0.028125 0.1390625
6 0.5546875 0.046875 0.084375 0.09375
6 0.46953125 0.0484375 0.0703125 0.096875
6 0.39453125 0.31328125 0.103125 0.13203125
6 0.48125 0.3234375 0.07421875 0.18984375
6 0.45625 0.53125 0.096875 0.075
6 0.57421875 0.5125 0.1203125 0.1125
6 0.03203125 0.53046875 0.0640625 0.0765625
6 0.909375 0.07890625 0.18125 0.1578125
6 0.75390625 0.14609375 0.1078125 0.2921875
6 0.6 0.6640625 0.2 0.125
6 0.3390625 0.76796875 0.12734375 0.09609375
6 0.85 0.784375 0.3 0.43125