5 0.2 0.19453125 0.4 0.3890625
5 0.5359375 0.2296875 0.271875 0.39375
4 0.2 0.725 0.4 0.55
5 0.75546875 0.5171875 0.2109375 0.134375
5 0.946875 0.5296875 0.10625 0.159375
5 0.98359375 0.78046875 0.0328125 0.1765625
5 0.89375 0.9296875 0.16875 0.140625
5 0.5515625 0.7453125 0.1078125 0.115625
5 0.59296875 0.49765625 0.2453125 0.0953125
5 0.69609375 0.73125 0.15859375 0.196875
5 0.59921875 0.95703125 0.1546875 0.0859375
5 0.41875 0.56171875 0.0375 0.2171875
5 0.72734375 0.92109375 0.1390625 0.14921875