6 0.11015625 0.2890625 0.2203125 0.38125
6 0.8796875 0.34765625 0.06015625 0.1109375
6 0.978125 0.075 0.04375 0.121875
6 0.6640625 0.3921875 0.0578125 0.09609375
6 0.775 0.309375 0.0453125 0.08203125
6 0.78828125 0.446875 0.0796875 0.065625
6 0.853125 0.11171875 0.071875 0.10546875
6 0.65 0.05703125 0.06875 0.1140625
6 0.225 0.73984375 0.45 0.5203125
6 0.7921875 0.54921875 0.128125 0.1390625
6 0.9171875 0.68046875 0.165625 0.4015625
6 0.6375 0.59140625 0.21875 0.2234375
6 0.73984375 0.7109375 0.20703125 0.2359375