8 0.35234375 0.09296875 0.1421875 0.1859375
8 0.1140625 0.30546875 0.228125 0.3109375
8 0.1625 0.03984375 0.1125 0.0796875
8 0.671875 0.09921875 0.165625 0.1984375
8 0.93515625 0.33203125 0.1296875 0.2953125
8 0.9640625 0.1171875 0.071875 0.234375
8 0.134375 0.61484375 0.26875 0.2703125
8 0.43984375 0.584375 0.2984375 0.209375
8 0.55 0.871875 0.078125 0.253125
8 0.2125 0.89921875 0.1296875 0.1703125
8 0.9328125 0.59453125 0.134375 0.2203125
8 0.92109375 0.765625 0.1578125 0.175
8 0.7984375 0.690625 0.1921875 0.2546875
8 0.81796875 0.91953125 0.1421875 0.1609375
8 0.9328125 0.91015625 0.134375 0.1796875