5 0.3859375 0.14140625 0.23046875 0.09375
5 0.08984375 0.31796875 0.1796875 0.2421875
5 0.47890625 0.39921875 0.3734375 0.2390625
8 0.8734375 0.42109375 0.1875 0.1953125
8 0.8671875 0.0203125 0.11875 0.040625
8 0.93828125 0.1484375 0.1234375 0.16875
8 0.54296875 0.59453125 0.1203125 0.1515625
8 0.4140625 0.64453125 0.11328125 0.15859375
8 0.46796875 0.78515625 0.10078125 0.18046875
8 0.5953125 0.91640625 0.159375 0.1671875
8 0.6375 0.784375 0.14375 0.18125
8 0.671875 0.6765625 0.075 0.125
8 0.38515625 0.9671875 0.1078125 0.065625
8 0.21015625 0.953125 0.1015625 0.09375
8 0.21640625 0.7296875 0.115625 0.19921875
8 0.12265625 0.7921875 0.10078125 0.18046875
5 0.903125 0.83125 0.1875 0.21171875
5 0.7671875 0.6671875 0.115625 0.209375
5 0.83515625 0.5625 0.1390625 0.0875
5 0.74375 0.9296875 0.06875 0.140625