8 0.234375 0.05703125 0.06875 0.1140625
8 0.0359375 0.01328125 0.071875 0.0265625
8 0.0265625 0.26953125 0.053125 0.1140625
8 0.05390625 0.40390625 0.08203125 0.09609375
8 0.90234375 0.171875 0.1953125 0.33125
8 0.68515625 0.18984375 0.2140625 0.34140625
8 0.41171875 0.18125 0.2546875 0.33203125
8 0.39765625 0.4234375 0.1828125 0.13125
8 0.91796875 0.4296875 0.1640625 0.11875
8 0.68125 0.428125 0.25625 0.121875
8 0.19375 0.68984375 0.11796875 0.06953125
8 0.23984375 0.83515625 0.0578125 0.0890625
8 0.0359375 0.79609375 0.071875 0.1078125
8 0.12421875 0.790625 0.0765625 0.09609375
8 0.04453125 0.61796875 0.0890625 0.1421875
8 0.525 0.6078125 0.1875 0.2375
8 0.725 0.65078125 0.16796875 0.25234375
8 0.86328125 0.7421875 0.15625 0.22578125
8 0.83671875 0.54921875 0.0984375 0.1203125
8 0.7265625 0.509375 0.096875 0.040625
8 0.37421875 0.5390625 0.0921875 0.1
8 0.2984375 0.78828125 0.059375 0.3578125
8 0.4 0.790625 0.09375 0.1828125