5 0.29765625 0.453125 0.4796875 0.271875
5 0.33984375 0.1578125 0.3359375 0.315625
8 0.75234375 0.29453125 0.3484375 0.5890625
8 0.88046875 0.49765625 0.2390625 0.1828125
8 0.0140625 0.7953125 0.028125 0.10625
8 0.4546875 0.89296875 0.0625 0.1390625
8 0.246875 0.67890625 0.06484375 0.103125
8 0.1328125 0.62109375 0.05625 0.0640625
8 0.13515625 0.95234375 0.0984375 0.0953125
5 0.9078125 0.79921875 0.15625 0.4015625
5 0.74609375 0.85703125 0.1453125 0.2859375
5 0.6078125 0.9578125 0.115625 0.084375