7 0.184375 0.23984375 0.36875 0.4796875
7 0.79375 0.18828125 0.165625 0.36328125
7 0.42890625 0.19921875 0.1203125 0.3640625
7 0.6125 0.21953125 0.13671875 0.38203125
7 0.184375 0.73984375 0.36875 0.5203125
7 0.59921875 0.53984375 0.1859375 0.1203125
7 0.746875 0.53984375 0.153125 0.1203125
7 0.88359375 0.53984375 0.1546875 0.1203125
7 0.8171875 0.69140625 0.1609375 0.23828125
7 0.9359375 0.69765625 0.128125 0.2390625
7 0.7515625 0.89140625 0.146875 0.2171875
7 0.61328125 0.88515625 0.1453125 0.2296875
7 0.6828125 0.68515625 0.1609375 0.23046875
7 0.54453125 0.6828125 0.1390625 0.2453125
7 0.47734375 0.8859375 0.1515625 0.228125
7 0.3890625 0.8859375 0.040625 0.228125
7 0.8875 0.896875 0.146875 0.20625
7 0.97421875 0.8921875 0.0515625 0.215625