6 0.53359375 0.0875 0.1515625 0.175
6 0.56484375 0.275 0.0890625 0.409375
6 0.3828125 0.165625 0.29296875 0.240625
6 0.315625 0.32109375 0.440625 0.3171875
6 0.12578125 0.07890625 0.2015625 0.1578125
6 0.62578125 0.20859375 0.0328125 0.1765625
6 0.66796875 0.3671875 0.1171875 0.225
6 0.79453125 0.334375 0.1671875 0.290625
6 0.91484375 0.115625 0.1515625 0.23125
6 0.7828125 0.146875 0.14921875 0.2015625
6 0.69375 0.10625 0.16875 0.196875
6 0.6859375 0.2171875 0.1078125 0.26171875
6 0.24609375 0.95078125 0.1078125 0.0984375
6 0.271875 0.72109375 0.0625 0.1109375
6 0.38203125 0.49453125 0.0671875 0.0296875
6 0.52421875 0.63671875 0.071875 0.14453125
6 0.54140625 0.8421875 0.11796875 0.11328125
6 0.52578125 0.96875 0.0578125 0.0625
6 0.05703125 0.765625 0.0578125 0.09609375
6 0.1671875 0.6828125 0.0453125 0.08203125
6 0.1796875 0.8390625 0.0796875 0.103125
6 0.0921875 0.978125 0.0625 0.04375
6 0.38515625 0.94765625 0.0890625 0.1046875
6 0.24453125 0.50859375 0.0703125 0.0578125
6 0.8046875 0.73984375 0.390625 0.5203125