8 0.06328125 0.32109375 0.1265625 0.1765625
8 0.11796875 0.1859375 0.0890625 0.19453125
8 0.17578125 0.20390625 0.084375 0.15859375
8 0.22421875 0.51796875 0.1609375 0.1234375
8 0.08046875 0.5140625 0.0828125 0.13125
8 0.328125 0.32578125 0.0625 0.1171875
8 0.284375 0.31796875 0.053125 0.15859375
5 0.4453125 0.28984375 0.171875 0.5796875
5 0.6640625 0.4984375 0.221875 0.1625
8 0.1796875 0.78984375 0.359375 0.4203125
8 0.63671875 0.8703125 0.1515625 0.13203125
8 0.86171875 0.92578125 0.1046875 0.1484375
8 0.66953125 0.959375 0.1109375 0.08125
8 0.47578125 0.87890625 0.11796875 0.16328125
8 0.41640625 0.66796875 0.1140625 0.1765625
8 0.96484375 0.89453125 0.0703125 0.1703125