8 0.35390625 0.34765625 0.3578125 0.4640625
8 0.63125 0.21796875 0.215625 0.4359375
8 0.20078125 0.10078125 0.2234375 0.2015625
8 0.08671875 0.27578125 0.1734375 0.5515625
8 0.42734375 0.0578125 0.4140625 0.115625
6 0.86953125 0.28984375 0.2609375 0.5796875
6 0.18359375 0.86484375 0.2296875 0.2703125
6 0.440625 0.8328125 0.1734375 0.16796875
6 0.653125 0.91953125 0.121875 0.1609375
6 0.54375 0.97734375 0.159375 0.0453125
6 0.04375 0.89609375 0.0875 0.2078125
6 0.05625 0.69453125 0.1125 0.2296875
8 0.78046875 0.72578125 0.0828125 0.2921875
8 0.8171875 0.915625 0.15625 0.16875
8 0.86953125 0.75703125 0.2609375 0.3453125
8 0.9296875 0.91328125 0.140625 0.1734375