6 0.97265625 0.13515625 0.0546875 0.2703125
6 0.76171875 0.0984375 0.2328125 0.196875
6 0.28046875 0.6171875 0.2046875 0.2984375
6 0.09296875 0.6 0.1859375 0.259375
6 0.23671875 0.41015625 0.2484375 0.2203125
6 0.45234375 0.38828125 0.2140625 0.1765625
6 0.484375 0.88046875 0.15 0.2390625
6 0.52890625 0.67421875 0.0609375 0.2703125
6 0.43828125 0.61015625 0.1421875 0.3484375
6 0.12265625 0.87890625 0.2265625 0.2421875
6 0.0484375 0.8875 0.096875 0.225
6 0.05859375 0.38828125 0.1171875 0.1765625
6 0.834375 0.65 0.33125 0.7