8 0.3984375 0.4453125 0.121875 0.146875
8 0.15625 0.36875 0.0890625 0.2015625
8 0.05 0.0609375 0.1 0.121875
8 0.203125 0.0796875 0.09609375 0.12734375
8 0.25859375 0.16875 0.12265625 0.14453125
8 0.4703125 0.0625 0.096875 0.125
8 0.41328125 0.18359375 0.103125 0.1609375
8 0.2671875 0.496875 0.09375 0.04375
8 0.4859375 0.4171875 0.065625 0.115625
8 0.43125 0.346875 0.10078125 0.146875
8 0.28984375 0.40703125 0.0890625 0.12734375
8 0.109375 0.17265625 0.12265625 0.13203125
8 0.06953125 0.33515625 0.06015625 0.0984375
8 0.0515625 0.4015625 0.103125 0.153125
8 0.47578125 0.190625 0.0859375 0.146875
8 0.73671875 0.4390625 0.11328125 0.0984375
8 0.659375 0.475 0.125 0.0875
8 0.96640625 0.3578125 0.0671875 0.125
8 0.88828125 0.44765625 0.11328125 0.13203125
8 0.215625 0.6765625 0.43125 0.315625
8 0.759375 0.759375 0.48125 0.48125