6 0.22109375 0.21484375 0.4421875 0.4296875
6 0.759375 0.2 0.48125 0.4
6 0.13515625 0.5453125 0.1421875 0.2015625
6 0.28515625 0.5390625 0.1515625 0.21640625
6 0.48125 0.55859375 0.075 0.2015625
6 0.46015625 0.8546875 0.1171875 0.15
6 0.290625 0.90625 0.16875 0.1875
6 0.03828125 0.90625 0.0765625 0.1875
6 0.93046875 0.69375 0.1390625 0.409375
6 0.790625 0.60078125 0.2453125 0.24296875
6 0.571875 0.609375 0.10625 0.278125
6 0.61015625 0.75625 0.1828125 0.21875
6 0.796875 0.809375 0.271875 0.22578125
6 0.6046875 0.46484375 0.171875 0.0703125