8 0.3640625 0.11328125 0.084375 0.0796875
8 0.2859375 0.10625 0.040625 0.06484375
8 0.29609375 0.24609375 0.06484375 0.06015625
8 0.434375 0.2140625 0.05 0.08125
8 0.06015625 0.259375 0.05546875 0.11328125
8 0.0796875 0.35625 0.071875 0.11328125
8 0.04140625 0.4546875 0.0765625 0.028125
8 0.59140625 0.14765625 0.2296875 0.2953125
8 0.59140625 0.359375 0.14453125 0.1921875
8 0.89765625 0.2015625 0.165625 0.14921875
8 0.78359375 0.259375 0.11328125 0.1734375
8 0.9609375 0.24453125 0.078125 0.1578125
8 0.97890625 0.06640625 0.0421875 0.1328125
8 0.87265625 0.05859375 0.1109375 0.1171875
8 0.946875 0.0984375 0.08671875 0.10078125
8 0.51484375 0.02109375 0.1109375 0.0421875
8 0.72578125 0.0328125 0.1609375 0.065625
8 0.19140625 0.734375 0.3828125 0.53125
8 0.728125 0.521875 0.134375 0.10625
8 0.79140625 0.73203125 0.1734375 0.1703125
8 0.8265625 0.93515625 0.134375 0.1296875
8 0.9671875 0.5390625 0.065625 0.140625