6 0.284375 0.2484375 0.56875 0.440625
6 0.784375 0.25625 0.43125 0.425
8 0.059375 0.803125 0.08671875 0.1078125
8 0.2875 0.8890625 0.115625 0.12734375
8 0.38984375 0.68125 0.053125 0.0796875
8 0.4109375 0.57109375 0.0984375 0.14453125
8 0.4515625 0.509375 0.09375 0.08125
8 0.2875 0.5890625 0.10078125 0.14921875
8 0.08828125 0.51328125 0.1078125 0.0890625
8 0.17265625 0.9671875 0.1046875 0.065625
8 0.046875 0.91171875 0.09375 0.0984375
8 0.5 0.9203125 0.06953125 0.06484375
8 0.55390625 0.91328125 0.0296875 0.1203125
8 0.51796875 0.6921875 0.08203125 0.115625
8 0.03671875 0.71015625 0.0734375 0.1109375
8 0.13125 0.65234375 0.0578125 0.10078125
8 0.43203125 0.77890625 0.08203125 0.084375
8 0.35703125 0.77734375 0.09140625 0.134375