8 0.14375 0.21484375 0.2875 0.4296875
8 0.40078125 0.1140625 0.0828125 0.228125
8 0.68828125 0.321875 0.2609375 0.215625
8 0.95703125 0.29140625 0.0859375 0.2765625
8 0.7125 0.1390625 0.1921875 0.25
8 0.2640625 0.86875 0.16875 0.2625
8 0.06796875 0.85 0.1359375 0.3
8 0.2984375 0.5203125 0.121875 0.18125
8 0.671875 0.6078125 0.228125 0.31953125
8 0.671875 0.8296875 0.1421875 0.18984375
8 0.9359375 0.73828125 0.128125 0.2515625
8 0.453125 0.94375 0.1875 0.1125
8 0.4046875 0.67265625 0.090625 0.1484375
8 0.48203125 0.73046875 0.11328125 0.1734375
8 0.40234375 0.5234375 0.0859375 0.134375
8 0.95859375 0.459375 0.0828125 0.059375
8 0.8921875 0.6375 0.178125 0.23828125
8 0.78359375 0.471875 0.1828125 0.084375
8 0.540625 0.48359375 0.15625 0.1078125