6 0.08203125 0.11640625 0.1640625 0.1828125
6 0.296875 0.11171875 0.240625 0.13671875
6 0.4984375 0.13203125 0.13671875 0.165625
6 0.615625 0.1546875 0.0875 0.196875
6 0.08203125 0.30234375 0.1546875 0.1140625
6 0.28515625 0.29140625 0.2140625 0.1359375
6 0.49453125 0.3078125 0.2015625 0.103125
6 0.71953125 0.1109375 0.1203125 0.221875
6 0.846875 0.1140625 0.16875 0.228125
6 0.73828125 0.0296875 0.1078125 0.059375
6 0.453125 0.63984375 0.1421875 0.19921875
6 0.31171875 0.57109375 0.09609375 0.21171875
6 0.09296875 0.48984375 0.084375 0.11328125
6 0.6140625 0.39140625 0.090625 0.0640625
6 0.50859375 0.3890625 0.0953125 0.059375
6 0.615625 0.6546875 0.0875 0.15625
6 0.18203125 0.97734375 0.0859375 0.0453125
6 0.61171875 0.79453125 0.0953125 0.1796875