6 0.115625 0.19375 0.23125 0.3875
6 0.3375 0.11796875 0.24375 0.2359375
6 0.31875 0.4 0.28125 0.378125
6 0.08828125 0.41796875 0.1765625 0.3421875
6 0.0421875 0.34453125 0.084375 0.1296875
6 0.1609375 0.50078125 0.0625 0.11796875
6 0.56328125 0.37421875 0.2078125 0.2859375
6 0.84765625 0.07109375 0.2671875 0.1421875
6 0.93984375 0.25703125 0.1203125 0.2953125
6 0.178125 0.83515625 0.19921875 0.25234375
6 0.04375 0.70078125 0.0875 0.2234375
6 0.340625 0.95859375 0.2375 0.0828125
6 0.203125 0.60703125 0.196875 0.0359375
6 0.18046875 0.675 0.1703125 0.171875
6 0.346875 0.6546875 0.225 0.13125
6 0.321875 0.80546875 0.22578125 0.24296875
6 0.5265625 0.6796875 0.134375 0.18125
6 0.71875 0.68203125 0.2125 0.1859375
6 0.91328125 0.6828125 0.1734375 0.1875
6 0.8984375 0.88828125 0.15390625 0.17578125
6 0.68984375 0.884375 0.19921875 0.18046875
6 0.51875 0.87890625 0.11875 0.1609375