8 0.19375 0.49453125 0.0625 0.1296875
8 0.009375 0.2859375 0.01875 0.1
8 0.6609375 0.2828125 0.25 0.21171875
8 0.871875 0.17109375 0.19921875 0.26171875
8 0.8890625 0.42578125 0.221875 0.2609375
8 0.61171875 0.4859375 0.1078125 0.146875
8 0.82890625 0.04453125 0.1578125 0.0890625
8 0.95859375 0.07109375 0.0828125 0.1421875
8 0.1453125 0.7796875 0.25 0.440625
8 0.31484375 0.78359375 0.0296875 0.3578125
8 0.09140625 0.95078125 0.1828125 0.0984375
8 0.39296875 0.79765625 0.05078125 0.13203125
8 0.72109375 0.9078125 0.0984375 0.184375
8 0.96484375 0.871875 0.0703125 0.125