8 0.325 0.23828125 0.15390625 0.34609375
8 0.325 0.0859375 0.165625 0.171875
8 0.17890625 0.03515625 0.1578125 0.0703125
8 0.08125 0.0890625 0.146875 0.178125
8 0.06171875 0.27890625 0.1234375 0.1703125
8 0.0578125 0.478125 0.115625 0.0625
8 0.22421875 0.47265625 0.178125 0.17578125
8 0.4484375 0.45390625 0.18125 0.2109375
8 0.6515625 0.37421875 0.225 0.2046875
8 0.45390625 0.87578125 0.1703125 0.2484375
8 0.1640625 0.87421875 0.215625 0.2515625
8 0.81015625 0.78828125 0.1796875 0.1390625
8 0.96015625 0.95390625 0.0796875 0.0921875
8 0.8546875 0.94921875 0.084375 0.1015625