6 0.5328125 0.11484375 0.153125 0.2296875
6 0.27890625 0.37109375 0.1671875 0.1765625
6 0.24609375 0.13828125 0.19453125 0.24765625
6 0.15078125 0.046875 0.1578125 0.09375
6 0.43203125 0.3984375 0.1109375 0.121875
6 0.4078125 0.078125 0.11875 0.15625
6 0.0609375 0.265625 0.115625 0.28359375
6 0.8046875 0.1359375 0.390625 0.271875
6 0.8046875 0.3765625 0.390625 0.165625
6 0.20703125 0.72734375 0.4140625 0.5359375
6 0.1328125 0.94609375 0.265625 0.1078125
6 0.53125 0.71484375 0.15625 0.4640625
6 0.8046875 0.7296875 0.390625 0.540625