8 0.13828125 0.26796875 0.26953125 0.47109375
8 0.3203125 0.41640625 0.20625 0.2046875
8 0.74921875 0.31796875 0.1421875 0.28359375
8 0.9859375 0.359375 0.028125 0.31875
8 0.89609375 0.4203125 0.1140625 0.196875
8 0.94375 0.11171875 0.1125 0.1421875
8 0.8234375 0.178125 0.1109375 0.17578125
8 0.8 0.07890625 0.146875 0.1578125
8 0.8875 0.0171875 0.134375 0.034375
8 0.5921875 0.0734375 0.10625 0.146875
8 0.28359375 0.80234375 0.15859375 0.20703125
8 0.05625 0.6140625 0.1125 0.1625
8 0.7078125 0.7671875 0.415625 0.465625
8 0.96953125 0.80703125 0.0609375 0.3859375