6 0.43125 0.07265625 0.325 0.1453125
6 0.4234375 0.2671875 0.3703125 0.43984375
6 0.11875 0.309375 0.2375 0.61875
6 0.52109375 0.41953125 0.1953125 0.3984375
6 0.9703125 0.54765625 0.059375 0.1421875
6 0.99375 0.29609375 0.0125 0.1109375
6 0.803125 0.340625 0.0578125 0.09609375
6 0.9140625 0.2578125 0.0453125 0.08203125
6 0.92734375 0.4140625 0.0796875 0.103125
6 0.8390625 0.575 0.0625 0.08671875
6 0.978125 0.059375 0.04375 0.10625
6 0.7890625 0.03125 0.06875 0.0625
6 0.32109375 0.78359375 0.5953125 0.3296875
6 0.90390625 0.7734375 0.1921875 0.309375