8 0.23984375 0.32734375 0.1765625 0.1234375
8 0.06875 0.32265625 0.1375 0.1328125
8 0.15703125 0.06484375 0.2609375 0.1296875
8 0.58359375 0.3125 0.1703125 0.153125
8 0.4671875 0.3203125 0.096875 0.1375
8 0.7421875 0.12109375 0.19375 0.2421875
8 0.5796875 0.06015625 0.09375 0.1203125
8 0.83203125 0.29453125 0.14921875 0.1875
8 0.14765625 0.65078125 0.2953125 0.5078125
8 0.92578125 0.70546875 0.1484375 0.2671875
8 0.67890625 0.82890625 0.18515625 0.25703125
8 0.446875 0.92109375 0.05625 0.1578125
8 0.67734375 0.4640625 0.1515625 0.15
8 0.95546875 0.4671875 0.0890625 0.15625
8 0.88828125 0.946875 0.1078125 0.10625