6 0.059375 0.21484375 0.11875 0.1765625
6 0.10859375 0.31015625 0.1890625 0.0984375
6 0.27109375 0.27734375 0.1671875 0.1640625
6 0.39140625 0.11875 0.1515625 0.2375
6 0.259375 0.153125 0.14921875 0.2015625
6 0.1703125 0.1125 0.1703125 0.196875
6 0.1625 0.2234375 0.1078125 0.26171875
6 0.69765625 0.2859375 0.3421875 0.146875
6 0.95625 0.09375 0.0875 0.1875
6 0.2421875 0.678125 0.484375 0.6375
6 0.95390625 0.934375 0.0921875 0.13125
6 0.97734375 0.68828125 0.0453125 0.1109375
6 0.7703125 0.7328125 0.0578125 0.09609375
6 0.88125 0.65 0.0453125 0.08203125
6 0.89453125 0.80625 0.0796875 0.103125
6 0.80625 0.96171875 0.0625 0.0765625
6 0.959375 0.45234375 0.071875 0.10546875
6 0.75625 0.40703125 0.06875 0.0953125