7 0.1765625 0.03359375 0.08125 0.0671875
7 0.89765625 0.20390625 0.2046875 0.4078125
7 0.42890625 0.64609375 0.16328125 0.228125
7 0.1578125 0.64609375 0.19453125 0.23828125
7 0.2140625 0.5375 0.178125 0.075
7 0.040625 0.6328125 0.08125 0.2625
7 0.14296875 0.97109375 0.1515625 0.0578125
7 0.07734375 0.853125 0.1546875 0.240625
7 0.215625 0.8515625 0.14453125 0.25703125
7 0.28515625 0.97265625 0.1578125 0.0546875
7 0.43046875 0.97265625 0.1515625 0.0546875
7 0.49375 0.8625 0.171875 0.275
7 0.49296875 0.5296875 0.1734375 0.059375
7 0.534375 0.6375 0.090625 0.275
7 0.78984375 0.75 0.4203125 0.5