8 0.11171875 0.1421875 0.2234375 0.284375
8 0.65 0.25859375 0.09609375 0.09609375
8 0.6046875 0.0140625 0.075 0.028125
8 0.67421875 0.11171875 0.103125 0.10078125
8 0.9703125 0.0421875 0.059375 0.084375
8 0.84765625 0.21875 0.0671875 0.10078125
8 0.790625 0.29453125 0.09609375 0.0796875
8 0.6390625 0.3359375 0.08203125 0.0625
8 0.571875 0.19609375 0.0765625 0.08203125
8 0.53671875 0.07734375 0.0140625 0.0703125
8 0.92578125 0.296875 0.09609375 0.0890625
8 0.94609375 0.13515625 0.06484375 0.0625
8 0.871875 0.0296875 0.075 0.059375
8 0.75625 0.0828125 0.08203125 0.09140625
8 0.7390625 0.1953125 0.0671875 0.08671875
8 0.18046875 0.74140625 0.24296875 0.3171875
8 0.103125 0.5625 0.20625 0.365625
8 0.04921875 0.8484375 0.0984375 0.303125
8 0.77578125 0.61171875 0.4484375 0.4640625