6 0.06171875 0.253125 0.1234375 0.303125
6 0.1515625 0.45546875 0.13203125 0.2953125
6 0.33046875 0.44921875 0.2015625 0.3203125
6 0.09140625 0.52578125 0.1828125 0.1671875
6 0.20078125 0.58828125 0.1265625 0.0421875
6 0.4171875 0.1140625 0.21875 0.228125
6 0.52890625 0.1046875 0.0421875 0.209375
6 0.05234375 0.06484375 0.1046875 0.1296875
6 0.48828125 0.37265625 0.1234375 0.2203125
6 0.49765625 0.53203125 0.1046875 0.1546875
6 0.775 0.3046875 0.45 0.609375
6 0.21796875 0.92109375 0.2546875 0.1578125
6 0.05078125 0.8890625 0.1015625 0.221875
6 0.515625 0.7703125 0.06875 0.19375
6 0.29375 0.78203125 0.23828125 0.15625
6 0.94609375 0.81484375 0.1078125 0.3703125
6 0.72109375 0.8046875 0.3421875 0.390625