8 0.2515625 0.2046875 0.23828125 0.240625
8 0.28828125 0.3765625 0.3296875 0.165625
8 0.8828125 0.31953125 0.234375 0.2796875
8 0.71484375 0.3515625 0.2390625 0.215625
8 0.72421875 0.01953125 0.2109375 0.0390625
8 0.95078125 0.0375 0.0984375 0.075
8 0.5953125 0.078125 0.09375 0.15625
8 0.521875 0.3796875 0.04375 0.159375
8 0.109375 0.603125 0.15625 0.2875
8 0.19765625 0.78203125 0.2140625 0.2046875
8 0.346875 0.49140625 0.1375 0.0640625
8 0.3921875 0.62109375 0.12734375 0.1703125
8 0.4609375 0.69453125 0.078125 0.1421875
8 0.38828125 0.91875 0.125 0.1203125
8 0.75 0.7296875 0.5 0.540625