6 0.42421875 0.39140625 0.3671875 0.5546875
6 0.27265625 0.57421875 0.3921875 0.1890625
6 0.03515625 0.5671875 0.0703125 0.203125
6 0.60546875 0.58984375 0.0890625 0.1578125
6 0.51875 0.16640625 0.2625 0.3328125
6 0.23515625 0.03046875 0.2328125 0.0609375
6 0.1328125 0.27578125 0.265625 0.5140625
6 0.82890625 0.62890625 0.1671875 0.0796875
6 0.79609375 0.44453125 0.19453125 0.24765625
6 0.71484375 0.31015625 0.1296875 0.1796875
6 0.884375 0.18828125 0.178125 0.29296875
6 0.94921875 0.365625 0.1015625 0.19375
6 0.68671875 0.08671875 0.0734375 0.1734375
6 0.50546875 0.92421875 0.2296875 0.1515625
6 0.2671875 0.940625 0.25 0.11875
6 0.1625 0.825 0.27421875 0.1421875
6 0.41171875 0.75859375 0.2140625 0.1796875
6 0.6015625 0.82421875 0.096875 0.1421875
6 0.809375 0.834375 0.31875 0.33125