7 0.54921875 0.02578125 0.1984375 0.0515625
7 0.48515625 0.221875 0.1921875 0.415625
7 0.59765625 0.21484375 0.2671875 0.4296875
7 0.86640625 0.03984375 0.2453125 0.0796875
7 0.8734375 0.24296875 0.253125 0.2640625
7 0.2703125 0.446875 0.128125 0.034375
7 0.13984375 0.46484375 0.0671875 0.0703125
7 0.0859375 0.9015625 0.16796875 0.134375
7 0.26015625 0.965625 0.2046875 0.06875
7 0.69453125 0.5390625 0.25234375 0.2046875
7 0.6984375 0.90703125 0.246875 0.1859375
7 0.90703125 0.90703125 0.1859375 0.1859375
7 0.89921875 0.54375 0.2015625 0.19375
7 0.47890625 0.55703125 0.1796875 0.1859375