8 0.25 0.34921875 0.321875 0.2609375
6 0.971875 0.35859375 0.05625 0.2359375
6 0.825 0.128125 0.10546875 0.2546875
6 0.65078125 0.1078125 0.0859375 0.215625
6 0.51953125 0.4265625 0.1640625 0.10625
6 0.94765625 0.134375 0.1046875 0.228125
6 0.825 0.2859375 0.10546875 0.1390625
6 0.87890625 0.403125 0.0828125 0.153125
6 0.69453125 0.38203125 0.0984375 0.178125
6 0.5828125 0.24921875 0.08671875 0.21875
6 0.4546875 0.06875 0.05 0.1375
6 0.9703125 0.028125 0.059375 0.05625
6 0.72265625 0.1109375 0.0671875 0.1828125
6 0.184375 0.62109375 0.2640625 0.1828125
6 0.08125 0.79765625 0.1625 0.2328125
6 0.384375 0.82578125 0.090625 0.2890625
6 0.3546875 0.53515625 0.15 0.1109375
8 0.4921875 0.64453125 0.125 0.3296875
8 0.66015625 0.56796875 0.3203125 0.1765625
8 0.76640625 0.75703125 0.4671875 0.4328125