8 0.3765625 0.440625 0.11796875 0.21171875
8 0.88046875 0.59765625 0.2390625 0.1046875
8 0.6171875 0.528125 0.075 0.24375
8 0.08671875 0.77734375 0.1734375 0.2546875
8 0.73359375 0.91171875 0.09375 0.09609375
8 0.60078125 0.82734375 0.0421875 0.0890625
8 0.6890625 0.6671875 0.071875 0.034375
8 0.75703125 0.765625 0.103125 0.0984375
8 0.928125 0.87265625 0.0671875 0.0984375
8 0.87265625 0.94765625 0.09375 0.0796875
8 0.72265625 0.978125 0.0828125 0.04375
8 0.5953125 0.9296875 0.03125 0.0875
8 0.65625 0.84921875 0.0765625 0.0796875
8 0.603125 0.73359375 0.046875 0.0671875
8 0.97890625 0.94921875 0.0421875 0.0859375
8 0.953125 0.68203125 0.071875 0.0640625
8 0.8375 0.73828125 0.0796875 0.0890625
8 0.82109375 0.84921875 0.06484375 0.08671875