5 0.19921875 0.0953125 0.0953125 0.190625
5 0.0734375 0.15 0.06953125 0.16328125
5 0.0328125 0.34453125 0.06484375 0.146875
5 0.34140625 0.0453125 0.0765625 0.090625
5 0.31953125 0.43671875 0.10078125 0.24296875
5 0.29375 0.24140625 0.071875 0.12734375
5 0.203125 0.2828125 0.06953125 0.14921875
5 0.19375 0.48125 0.08203125 0.1734375
5 0.084375 0.4921875 0.08203125 0.115625
5 0.76328125 0.2828125 0.4234375 0.478125
5 0.475 0.88984375 0.10546875 0.1109375
5 0.7359375 0.92109375 0.0796875 0.10546875
5 0.5828125 0.97578125 0.0625 0.0484375
5 0.38828125 0.62578125 0.0171875 0.0734375
5 0.5390625 0.6234375 0.040625 0.06875
5 0.39296875 0.73046875 0.0265625 0.0734375
5 0.44375 0.6640625 0.040625 0.0578125
5 0.92734375 0.62421875 0.0890625 0.0703125
5 0.96875 0.853125 0.0625 0.11875
5 0.97421875 0.97109375 0.0515625 0.0578125
5 0.825 0.94375 0.0765625 0.10546875
5 0.7359375 0.66953125 0.0765625 0.09140625
5 0.61328125 0.8921875 0.084375 0.11328125
5 0.65703125 0.6046875 0.0796875 0.03125