7 0.234375 0.109375 0.46875 0.21875
7 0.734375 0.109375 0.53125 0.21875
6 0.06328125 0.2875 0.1015625 0.1375
6 0.153125 0.525 0.08203125 0.146875
6 0.2125 0.5734375 0.06953125 0.1203125
6 0.21875 0.65390625 0.1109375 0.08203125
6 0.3390625 0.58984375 0.10546875 0.209375
6 0.43203125 0.53125 0.0734375 0.190625
6 0.4515625 0.87734375 0.034375 0.1984375
6 0.41484375 0.9484375 0.1078125 0.103125
6 0.22421875 0.915625 0.0984375 0.16875
6 0.028125 0.78125 0.05625 0.15
6 0.096875 0.9796875 0.1125 0.040625
6 0.13828125 0.7375 0.0984375 0.14921875
6 0.0796875 0.478125 0.0796875 0.1515625
7 0.734375 0.609375 0.53125 0.78125