6 0.209375 0.234375 0.41875 0.46875
6 0.71328125 0.10546875 0.12734375 0.13203125
6 0.5734375 0.12734375 0.10078125 0.16796875
6 0.78515625 0.29765625 0.10078125 0.19921875
6 0.88828125 0.16796875 0.103125 0.13203125
6 0.96875 0.17734375 0.0625 0.1890625
6 0.95 0.40859375 0.096875 0.1203125
6 0.490625 0.4046875 0.13671875 0.11328125
6 0.81953125 0.453125 0.1078125 0.03125
6 0.096875 0.84296875 0.19375 0.3140625
6 0.30546875 0.8453125 0.2265625 0.25
6 0.3515625 0.66328125 0.134375 0.1421875
6 0.17265625 0.59453125 0.2140625 0.18515625
6 0.88203125 0.7078125 0.2359375 0.478125