6 0.24765625 0.39453125 0.3046875 0.1609375
6 0.2 0.51171875 0.4 0.2515625
6 0.1 0.24375 0.2 0.18125
6 0.2953125 0.22734375 0.209375 0.2265625
7 0.775 0.090625 0.084375 0.15390625
7 0.8734375 0.06875 0.09140625 0.115625
7 0.453125 0.06953125 0.10625 0.1390625
7 0.2 0.85 0.4 0.3
6 0.7421875 0.9109375 0.06953125 0.09140625
6 0.83984375 0.753125 0.0890625 0.09140625
6 0.48671875 0.77734375 0.0578125 0.12265625
6 0.4234375 0.9328125 0.046875 0.096875
6 0.57734375 0.7328125 0.0796875 0.065625
6 0.91328125 0.71796875 0.0765625 0.0359375