8 0.3296875 0.0421875 0.115625 0.084375
8 0.2109375 0.0125 0.075 0.025
8 0.37578125 0.4765625 0.0796875 0.084375
8 0.32734375 0.3765625 0.06953125 0.10078125
8 0.24921875 0.36796875 0.053125 0.1203125
8 0.13828125 0.2265625 0.084375 0.11328125
8 0.046875 0.26484375 0.071875 0.14921875
8 0.025 0.14765625 0.05 0.1171875
8 0.67421875 0.259375 0.4484375 0.51875
8 0.90078125 0.1375 0.1984375 0.275
8 0.8953125 0.39296875 0.209375 0.2515625
8 0.04453125 0.67421875 0.0890625 0.3109375
8 0.14765625 0.578125 0.2015625 0.11875
8 0.278125 0.63359375 0.15625 0.22109375
8 0.35859375 0.846875 0.1828125 0.30625
8 0.125 0.9328125 0.25 0.134375
8 0.725 0.759375 0.55 0.48125