8 0.0375 0.25703125 0.075 0.1421875
8 0.1859375 0.27578125 0.1703125 0.1609375
8 0.4890625 0.25859375 0.10078125 0.11328125
8 0.596875 0.26328125 0.025 0.1453125
8 0.503125 0.05234375 0.09375 0.1046875
8 0.26328125 0.03359375 0.1421875 0.0671875
8 0.05234375 0.0640625 0.1046875 0.128125
8 0.8265625 0.06953125 0.346875 0.1390625
8 0.83671875 0.35703125 0.3265625 0.2453125
8 0.521875 0.58203125 0.175 0.2046875
8 0.2125 0.58203125 0.425 0.2046875
8 0.2015625 0.89140625 0.403125 0.2171875
8 0.64375 0.5203125 0.06875 0.08125
8 0.72265625 0.71796875 0.0625 0.10078125
8 0.784375 0.71796875 0.06953125 0.10546875
8 0.984375 0.521875 0.03125 0.084375
8 0.64296875 0.9828125 0.0671875 0.034375
8 0.6578125 0.66328125 0.06953125 0.0796875
8 0.7203125 0.56875 0.12734375 0.115625
8 0.65703125 0.86796875 0.0953125 0.0984375
8 0.959375 0.78671875 0.08125 0.1109375
8 0.9828125 0.9546875 0.034375 0.090625
8 0.82421875 0.96328125 0.0671875 0.0734375
8 0.921875 0.609375 0.05546875 0.09609375
8 0.909375 0.70234375 0.06484375 0.06484375
8 0.98828125 0.60859375 0.0234375 0.0578125
8 0.9234375 0.8921875 0.06484375 0.06015625
8 0.85 0.78359375 0.071875 0.06953125
8 0.734375 0.84140625 0.0796875 0.0890625
8 0.71796875 0.95234375 0.06484375 0.08671875