6 0.33984375 0.26015625 0.27421875 0.28828125
6 0.2265625 0.09453125 0.153125 0.1890625
6 0.065625 0.071875 0.13125 0.14375
6 0.12265625 0.175 0.18984375 0.29296875
6 0.11953125 0.3546875 0.1484375 0.15
6 0.28203125 0.403125 0.2265625 0.053125
6 0.54140625 0.371875 0.1765625 0.115625
6 0.53984375 0.09140625 0.1796875 0.1828125
6 0.41875 0.08828125 0.134375 0.1765625
6 0.0359375 0.36640625 0.071875 0.1265625
7 0.25703125 0.49453125 0.2640625 0.1296875
7 0.1453125 0.63046875 0.24765625 0.18046875
7 0.5234375 0.82421875 0.2125 0.1984375
7 0.03984375 0.49140625 0.0796875 0.1234375
7 0.50546875 0.49453125 0.2484375 0.1296875
7 0.25859375 0.803125 0.27421875 0.2140625
7 0.43046875 0.64453125 0.19921875 0.2015625
7 0.575 0.9515625 0.109375 0.096875
6 0.8609375 0.88046875 0.278125 0.2390625
6 0.71015625 0.54296875 0.1609375 0.2265625
6 0.7390625 0.77421875 0.21875 0.3078125