8 0.0421875 0.10859375 0.084375 0.1765625
8 0.07578125 0.03515625 0.0890625 0.0703125
8 0.1328125 0.03515625 0.084375 0.0703125
8 0.18203125 0.3015625 0.1609375 0.115625
8 0.03984375 0.29765625 0.0796875 0.1234375
8 0.30078125 0.1140625 0.09140625 0.11796875
8 0.2421875 0.10546875 0.053125 0.15859375
8 0.61015625 0.18359375 0.0828125 0.1953125
8 0.7875 0.0375 0.146875 0.075
8 0.32890625 0.8265625 0.1109375 0.15859375
8 0.46953125 0.94140625 0.1203125 0.1171875
8 0.13671875 0.821875 0.125 0.19921875
8 0.28046875 0.42109375 0.1140625 0.1234375
8 0.1390625 0.4984375 0.11328125 0.15390625
8 0.21484375 0.6390625 0.084375 0.16328125
8 0.48984375 0.4625 0.07421875 0.09375
8 0.76171875 0.57578125 0.10546875 0.1703125
8 0.59140625 0.5078125 0.0453125 0.26875
8 0.62890625 0.87890625 0.1203125 0.2421875