5 0.07890625 0.2640625 0.1390625 0.22109375
5 0.2640625 0.2921875 0.1109375 0.22578125
5 0.59765625 0.29765625 0.2421875 0.2140625
5 0.859375 0.21953125 0.28125 0.4390625
5 0.33125 0.50859375 0.159375 0.1390625
5 0.625 0.503125 0.1875 0.128125
5 0.20625 0.54375 0.271875 0.209375
5 0.24140625 0.73828125 0.19921875 0.15859375
5 0.5109375 0.78359375 0.259375 0.21171875
5 0.03046875 0.56328125 0.0609375 0.1890625
5 0.14609375 0.93828125 0.2296875 0.1234375
5 0.675 0.77265625 0.0875 0.1703125
5 0.49609375 0.9484375 0.1515625 0.103125
5 0.64140625 0.90859375 0.1203125 0.1828125
5 0.06484375 0.78828125 0.1296875 0.1203125
5 0.08203125 0.64296875 0.1609375 0.1515625
4 0.859375 0.6765625 0.28125 0.475