5 0.26484375 0.21953125 0.5296875 0.4390625
5 0.76484375 0.146875 0.4703125 0.29375
5 0.27890625 0.71953125 0.5015625 0.5609375
4 0.696875 0.73984375 0.12734375 0.17578125
4 0.85703125 0.61015625 0.13203125 0.15859375
4 0.83046875 0.7859375 0.2046875 0.16796875
4 0.9703125 0.59140625 0.059375 0.1328125
4 0.8765625 0.4734375 0.128125 0.06875
4 0.68984375 0.57890625 0.24765625 0.12265625
4 0.590625 0.69765625 0.121875 0.1703125
4 0.64609375 0.95390625 0.1234375 0.0921875
4 0.81640625 0.90703125 0.24296875 0.11328125
4 0.95234375 0.9390625 0.0953125 0.121875
4 0.8421875 0.9765625 0.20625 0.046875