8 0.234375 0.3 0.46875 0.6
8 0.6265625 0.4046875 0.134375 0.21640625
8 0.8359375 0.44921875 0.0984375 0.12734375
8 0.96640625 0.47890625 0.0671875 0.1859375
8 0.2890625 0.753125 0.228125 0.30625
8 0.29140625 0.93671875 0.1421875 0.1265625
8 0.03515625 0.81328125 0.0703125 0.1484375
8 0.10234375 0.8703125 0.1109375 0.1703125
8 0.03359375 0.665625 0.0671875 0.13125
8 0.44375 0.77734375 0.05 0.2359375
8 0.38984375 0.628125 0.1578125 0.05625
8 0.159375 0.63828125 0.153125 0.0765625
8 0.734375 0.8 0.53125 0.4