5 0.33203125 0.14609375 0.3734375 0.2921875
8 0.86015625 0.10546875 0.1546875 0.2109375
8 0.5890625 0.08203125 0.140625 0.1640625
8 0.58515625 0.278125 0.1328125 0.0625
8 0.76015625 0.27265625 0.178125 0.17578125
8 0.946875 0.25390625 0.10625 0.2109375
5 0.259375 0.71484375 0.51875 0.5703125
8 0.809375 0.7921875 0.0796875 0.1078125
8 0.91796875 0.55078125 0.10078125 0.11328125
8 0.54921875 0.675 0.0609375 0.103125
8 0.66171875 0.584375 0.05546875 0.1296875
8 0.65859375 0.95234375 0.0984375 0.0953125