6 0.15078125 0.1484375 0.2765625 0.296875
6 0.3953125 0.321875 0.10078125 0.2359375
6 0.38125 0.58671875 0.0625 0.0859375
6 0.053125 0.57265625 0.10625 0.1140625
6 0.1859375 0.58984375 0.084375 0.0796875
6 0.621875 0.1171875 0.21875 0.234375
6 0.89453125 0.178125 0.1859375 0.35625
6 0.8734375 0.4171875 0.22109375 0.30078125
6 0.58046875 0.49375 0.2234375 0.271875
6 0.74765625 0.57578125 0.1921875 0.1078125
6 0.496875 0.10234375 0.05625 0.2046875
6 0.1109375 0.94296875 0.1875 0.1140625
6 0.25625 0.73046875 0.278125 0.2015625
6 0.0671875 0.71015625 0.134375 0.1609375
8 0.778125 0.90625 0.44375 0.1875