6 0.184375 0.3 0.36875 0.6
6 0.46875 0.11484375 0.125 0.1109375
6 0.38671875 0.1140625 0.0359375 0.128125
6 0.39921875 0.31953125 0.0609375 0.1296875
6 0.76953125 0.25703125 0.12265625 0.13671875
6 0.70078125 0.4375 0.21171875 0.1203125
6 0.44296875 0.5359375 0.1484375 0.128125
6 0.78203125 0.58125 0.1546875 0.0375
6 0.053125 0.665625 0.10625 0.13125
6 0.09921875 0.81875 0.1875 0.25234375
6 0.26015625 0.78828125 0.16796875 0.32421875
6 0.2484375 0.6421875 0.146875 0.084375
6 0.159375 0.61953125 0.16875 0.0390625
6 0.15078125 0.690625 0.1078125 0.18125
6 0.95 0.71796875 0.1 0.1171875
6 0.6890625 0.63359375 0.1375 0.0671875
6 0.59375 0.6453125 0.103125 0.090625
6 0.84921875 0.6640625 0.1421875 0.128125