6 0.17578125 0.25625 0.2046875 0.2984375
6 0.040625 0.2390625 0.08125 0.259375
6 0.13203125 0.0796875 0.2484375 0.159375
6 0.31015625 0.0578125 0.1390625 0.115625
6 0.32109375 0.24921875 0.1171875 0.3484375
6 0.065625 0.4828125 0.13125 0.171875
6 0.5359375 0.25078125 0.3125 0.5015625
6 0.33203125 0.6671875 0.0953125 0.196875
6 0.18515625 0.91796875 0.3703125 0.1640625
6 0.46640625 0.784375 0.1734375 0.43125
6 0.6984375 0.784375 0.36875 0.43125
6 0.72734375 0.66796875 0.3046875 0.1984375
6 0.9328125 0.784375 0.134375 0.43125