8 0.31484375 0.325 0.6296875 0.65
8 0.653125 0.23203125 0.046875 0.0828125
8 0.98046875 0.31953125 0.0390625 0.0859375
8 0.9734375 0.21953125 0.053125 0.1078125
8 0.921875 0.2015625 0.071875 0.08203125
8 0.91171875 0.28203125 0.0984375 0.071875
8 0.8265625 0.34140625 0.08203125 0.0984375
8 0.934375 0.43359375 0.09140625 0.0765625
8 0.64453125 0.45078125 0.0296875 0.0859375
8 0.66484375 0.3234375 0.0703125 0.0625
8 0.6765625 0.38828125 0.09375 0.0765625
5 0.278125 0.7453125 0.55625 0.190625
5 0.81484375 0.9015625 0.3703125 0.196875