8 0.5640625 0.24453125 0.12734375 0.21875
8 0.31171875 0.1296875 0.09609375 0.209375
8 0.05390625 0.0234375 0.0765625 0.046875
8 0.0140625 0.14765625 0.028125 0.1453125
8 0.06328125 0.21796875 0.1265625 0.1953125
8 0.175 0.35625 0.0875 0.146875
8 0.428125 0.3359375 0.0984375 0.1828125
8 0.58671875 0.1078125 0.0859375 0.153125
8 0.4515625 0.17109375 0.09140625 0.134375
8 0.2203125 0.09609375 0.06015625 0.103125
8 0.19921875 0.16640625 0.11796875 0.1609375
8 0.81484375 0.21484375 0.3703125 0.4296875
8 0.478125 0.6140625 0.228125 0.31953125
8 0.478125 0.8359375 0.1421875 0.18984375
8 0.20703125 0.946875 0.2921875 0.10625
8 0.17578125 0.6796875 0.16328125 0.14921875
8 0.28828125 0.73671875 0.11328125 0.1734375
8 0.11171875 0.7234375 0.0796875 0.15625
8 0.034375 0.63515625 0.06875 0.1390625
8 0.0578125 0.53125 0.115625 0.159375
8 0.1984375 0.5296875 0.1078125 0.134375
8 0.1265625 0.578125 0.08671875 0.10078125
8 0.5640625 0.475 0.13125 0.090625
8 0.346875 0.48671875 0.15625 0.1140625
8 0.90390625 0.565625 0.1921875 0.271875
8 0.79296875 0.4875 0.3265625 0.115625
8 0.7390625 0.665625 0.21875 0.334375