8 0.36875 0.1171875 0.16875 0.234375
8 0.025 0.065625 0.05 0.13125
8 0.034375 0.23671875 0.06875 0.1671875
8 0.07265625 0.31953125 0.10546875 0.13671875
8 0.3984375 0.509375 0.1109375 0.2328125
8 0.4765625 0.48046875 0.025 0.2453125
8 0.20703125 0.53046875 0.14921875 0.15859375
8 0.2984375 0.33515625 0.1609375 0.13671875
8 0.22578125 0.084375 0.0859375 0.16875
8 0.1171875 0.1859375 0.09375 0.1203125
5 0.74296875 0.2171875 0.2265625 0.434375
5 0.546875 0.25390625 0.115625 0.5078125
5 0.953125 0.18515625 0.09375 0.3703125
5 0.89453125 0.51875 0.1109375 0.13203125
8 0.29140625 0.78671875 0.1921875 0.2546875
8 0.7203125 0.7109375 0.275 0.103125
8 0.9515625 0.68671875 0.096875 0.0546875
8 0.9859375 0.821875 0.028125 0.16875