8 0.17890625 0.09453125 0.3203125 0.1890625
8 0.28046875 0.28984375 0.4578125 0.4328125
6 0.8875 0.14296875 0.1109375 0.2640625
6 0.70703125 0.11640625 0.0890625 0.2328125
6 0.58203125 0.50390625 0.1453125 0.2109375
6 0.98046875 0.14921875 0.0390625 0.2359375
6 0.8875 0.3078125 0.1109375 0.14453125
6 0.94453125 0.4484375 0.08671875 0.196875
6 0.75234375 0.40625 0.103125 0.18515625
6 0.63671875 0.26953125 0.0890625 0.22578125
6 0.78125 0.1265625 0.06953125 0.18984375
6 0.7390625 0.7609375 0.459375 0.303125