6 0.278125 0.25078125 0.0796875 0.06015625
6 0.184375 0.415625 0.06953125 0.0625
6 0.03046875 0.49375 0.0609375 0.071875
6 0.1921875 0.05703125 0.06953125 0.0984375
6 0.2640625 0.06796875 0.06953125 0.0796875
6 0.32109375 0.0328125 0.0953125 0.065625
6 0.3328125 0.34375 0.071875 0.0875
6 0.79140625 0.3625 0.4171875 0.334375
8 0.1484375 0.89453125 0.296875 0.2109375
8 0.30546875 0.79140625 0.1265625 0.4171875
6 0.5734375 0.7296875 0.334375 0.4
6 0.896875 0.8328125 0.20625 0.334375
6 0.87890625 0.609375 0.2421875 0.159375
6 0.46796875 0.6 0.1984375 0.140625
6 0.47578125 0.8625 0.1828125 0.275
6 0.9484375 0.9609375 0.103125 0.078125