8 0.23671875 0.425 0.19921875 0.24765625
8 0.42734375 0.05234375 0.1453125 0.1046875
8 0.2921875 0.10859375 0.178125 0.2171875
8 0.07265625 0.0421875 0.1015625 0.084375
8 0.02890625 0.10078125 0.0578125 0.1515625
8 0.0265625 0.40859375 0.053125 0.1265625
8 0.978125 0.6375 0.04375 0.025
8 0.65703125 0.5734375 0.040625 0.0453125
8 0.98359375 0.5578125 0.0328125 0.0375
8 0.425 0.8875 0.15 0.225
8 0.109375 0.8953125 0.21875 0.209375
8 0.5578125 0.71171875 0.115625 0.1234375
8 0.6671875 0.86328125 0.11796875 0.2546875
8 0.92578125 0.92890625 0.1390625 0.1421875
8 0.90390625 0.7796875 0.1921875 0.153125
8 0.8203125 0.69765625 0.10625 0.0953125