6 0.06484375 0.225 0.1296875 0.35
6 0.75 0.23046875 0.5 0.3390625
6 0.009375 0.48984375 0.01875 0.1140625
6 0.42890625 0.4390625 0.0421875 0.078125
6 0.38984375 0.49375 0.05546875 0.1078125
6 0.2484375 0.4828125 0.07421875 0.08671875
6 0.19375 0.509375 0.06484375 0.0890625
6 0.24375 0.5515625 0.06015625 0.0984375
6 0.165625 0.55625 0.06015625 0.08671875
6 0.17109375 0.6203125 0.05078125 0.0890625
6 0.059375 0.68515625 0.0578125 0.12265625
6 0.04765625 0.59453125 0.0578125 0.125
6 0.4703125 0.7921875 0.059375 0.084375
6 0.3265625 0.63203125 0.06015625 0.09609375
6 0.2625 0.675 0.0671875 0.10546875
6 0.27734375 0.78984375 0.0796875 0.08671875
6 0.16875 0.81328125 0.09140625 0.11328125
6 0.0859375 0.87734375 0.06484375 0.1203125
6 0.03046875 0.7625 0.0609375 0.10625
6 0.2234375 0.4234375 0.06875 0.046875
6 0.48125 0.59921875 0.0375 0.1015625
6 0.39609375 0.6203125 0.0578125 0.10546875
6 0.37578125 0.7609375 0.0625 0.0984375
6 0.3578125 0.9421875 0.08203125 0.09609375
6 0.26484375 0.93515625 0.07421875 0.084375
6 0.1953125 0.98828125 0.0625 0.0234375
6 0.04765625 0.95703125 0.0671875 0.0859375
6 0.0140625 0.9640625 0.028125 0.071875
6 0.903125 0.978125 0.1875 0.04375