8 0.1515625 0.24296875 0.06015625 0.10078125
5 0.76484375 0.2296875 0.4703125 0.459375
8 0.23203125 0.48359375 0.1015625 0.0484375
8 0.02265625 0.93203125 0.0453125 0.1296875
8 0.2328125 0.9265625 0.071875 0.09140625
8 0.14453125 0.6484375 0.1109375 0.146875
8 0.3140625 0.6109375 0.071875 0.1109375
8 0.45234375 0.73359375 0.08203125 0.1109375
8 0.51796875 0.72734375 0.0234375 0.0953125
8 0.459375 0.5515625 0.103125 0.146875
8 0.04921875 0.85234375 0.0984375 0.1546875
8 0.93671875 0.51640625 0.08203125 0.103125
8 0.8125 0.98203125 0.10625 0.0359375