7 0.26484375 0.24453125 0.5296875 0.4890625
6 0.97890625 0.25 0.0421875 0.13125
6 0.87578125 0.24609375 0.09375 0.1203125
6 0.821875 0.10546875 0.0984375 0.12265625
6 0.68125 0.16796875 0.06953125 0.13671875
6 0.7515625 0.40390625 0.10546875 0.0765625
7 0.05625 0.60625 0.1125 0.234375
7 0.3546875 0.68671875 0.35 0.3015625
7 0.7 0.803125 0.16328125 0.07421875
7 0.70390625 0.65625 0.1203125 0.05546875
7 0.88203125 0.72109375 0.11796875 0.06015625
7 0.9625 0.6015625 0.075 0.053125
7 0.61953125 0.7390625 0.146875 0.0578125