6 0.44140625 0.17265625 0.0171875 0.0796875
6 0.43828125 0.36015625 0.0234375 0.1421875
6 0.3625 0.48984375 0.10546875 0.11796875
6 0.30859375 0.61015625 0.1109375 0.0390625
6 0.2734375 0.34296875 0.0765625 0.08203125
6 0.61953125 0.325 0.3234375 0.609375
6 0.78125 0.04609375 0.4375 0.0921875
6 0.91015625 0.3015625 0.1796875 0.384375
6 0.0765625 0.95390625 0.153125 0.0921875
6 0.36640625 0.87265625 0.1671875 0.2328125
6 0.3078125 0.6921875 0.15625 0.125
6 0.05859375 0.73515625 0.1171875 0.2109375
6 0.1734375 0.75859375 0.178125 0.24765625
6 0.86484375 0.9140625 0.2234375 0.171875
6 0.5171875 0.88359375 0.134375 0.2328125
6 0.80625 0.73671875 0.196875 0.2140625
6 0.6046875 0.68671875 0.16875 0.1140625