8 0.384375 0.046875 0.08671875 0.08203125
8 0.30234375 0.03828125 0.04296875 0.06484375
8 0.31171875 0.1828125 0.0671875 0.0625
8 0.46328125 0.1515625 0.0625 0.084375
8 0.06796875 0.196875 0.0578125 0.11796875
8 0.08828125 0.296875 0.0765625 0.11796875
8 0.0484375 0.43046875 0.0796875 0.09140625
8 0.13046875 0.603125 0.1046875 0.071875
8 0.15234375 0.49921875 0.08203125 0.11328125
8 0.684375 0.21640625 0.23125 0.4328125
8 0.31015625 0.88359375 0.3890625 0.2328125
8 0.4671875 0.81953125 0.203125 0.3609375
8 0.88125 0.82578125 0.2375 0.3484375
8 0.66640625 0.81953125 0.1953125 0.3609375