8 0.3578125 0.3125 0.421875 0.4125
8 0.80859375 0.14140625 0.3234375 0.2828125
8 0.62109375 0.259375 0.1046875 0.51875
8 0.6859375 0.4125 0.234375 0.2125
8 0.8890625 0.43203125 0.221875 0.1734375
8 0.96796875 0.3703125 0.0640625 0.296875
8 0.12421875 0.615625 0.2296875 0.19375
8 0.12421875 0.7765625 0.14453125 0.1921875
8 0.39609375 0.91796875 0.2953125 0.1640625
8 0.43046875 0.61875 0.165625 0.14921875
8 0.31640625 0.6765625 0.11328125 0.1734375
8 0.49453125 0.6625 0.0796875 0.15859375
8 0.553125 0.58203125 0.03125 0.1265625
8 0.47890625 0.5421875 0.0859375 0.046875