6 0.25078125 0.18828125 0.209375 0.22109375
6 0.03359375 0.11484375 0.0671875 0.2296875
6 0.0859375 0.4921875 0.171875 0.234375
6 0.2171875 0.571875 0.165625 0.075
6 0.3390625 0.5046875 0.2375 0.209375
6 0.4765625 0.50703125 0.065625 0.2046875
6 0.67109375 0.43671875 0.2984375 0.3453125
6 0.39140625 0.65859375 0.2359375 0.0984375
6 0.334375 0.7890625 0.2859375 0.240625
6 0.0359375 0.65703125 0.071875 0.0953125
6 0.0828125 0.815625 0.165625 0.19375
6 0.85078125 0.7 0.13203125 0.16796875
6 0.92421875 0.75625 0.09140625 0.13203125