6 0.30625 0.2828125 0.346875 0.271875
6 0.596875 0.17578125 0.234375 0.3515625
6 0.146875 0.48046875 0.128125 0.1234375
6 0.02890625 0.50078125 0.0578125 0.1640625
6 0.21953125 0.66953125 0.10078125 0.19921875
6 0.32265625 0.53984375 0.103125 0.13203125
6 0.409375 0.55 0.07421875 0.18984375
6 0.38515625 0.81796875 0.09609375 0.19453125
6 0.4609375 0.75546875 0.0375 0.1453125
6 0.1390625 0.90859375 0.165625 0.1828125
6 0.2546875 0.8875 0.1078125 0.15625
6 0.72109375 0.70078125 0.4828125 0.5640625