6 0.09765625 0.2375 0.1953125 0.084375
6 0.08671875 0.12421875 0.1734375 0.2484375
6 0.26796875 0.10234375 0.2203125 0.2046875
6 0.25078125 0.221875 0.1421875 0.115625
6 0.71484375 0.13984375 0.4703125 0.2796875
6 0.4125 0.3515625 0.134375 0.14375
6 0.24921875 0.353125 0.1890625 0.146875
6 0.07265625 0.34296875 0.1453125 0.1265625
6 0.09609375 0.53828125 0.1921875 0.2234375
6 0.27109375 0.5390625 0.15625 0.18046875
6 0.4296875 0.53515625 0.1 0.1828125
6 0.39921875 0.7296875 0.1609375 0.1375
6 0.23984375 0.74921875 0.13671875 0.16328125
6 0.08203125 0.7734375 0.1640625 0.196875
6 0.41171875 0.92109375 0.1359375 0.1578125
6 0.24140625 0.9375 0.2015625 0.125
6 0.509375 0.44765625 0.059375 0.3359375
6 0.80625 0.896875 0.334375 0.20625
6 0.840625 0.30703125 0.31875 0.0546875