8 0.325 0.08515625 0.353125 0.1703125
8 0.13515625 0.1796875 0.2703125 0.359375
8 0.38828125 0.2375 0.4421875 0.24375
8 0.815625 0.1046875 0.25 0.209375
8 0.0546875 0.59609375 0.109375 0.2453125
8 0.3375 0.859375 0.25234375 0.24765625
8 0.5640625 0.81484375 0.090625 0.2765625
8 0.20703125 0.96015625 0.2046875 0.0796875
8 0.51015625 0.95234375 0.1546875 0.0953125
8 0.115625 0.784375 0.1609375 0.18984375
8 0.25 0.6375 0.1515625 0.37734375
8 0.34140625 0.4828125 0.1328125 0.246875
8 0.0484375 0.40859375 0.096875 0.0984375
8 0.90078125 0.9765625 0.1984375 0.046875
8 0.9328125 0.5453125 0.10546875 0.09140625
8 0.8328125 0.39140625 0.190625 0.0640625