6 0.1796875 0.165625 0.284375 0.33125
6 0.41328125 0.18984375 0.1515625 0.3796875
6 0.65390625 0.0671875 0.2296875 0.134375
6 0.9484375 0.18203125 0.103125 0.3359375
6 0.54765625 0.42734375 0.1171875 0.0953125
6 0.71484375 0.434375 0.1921875 0.109375
6 0.75546875 0.85703125 0.2484375 0.2859375
6 0.56171875 0.85 0.1453125 0.3
6 0.7265625 0.65390625 0.24296875 0.2984375
6 0.87421875 0.5 0.15390625 0.178125
6 0.97421875 0.55234375 0.0515625 0.3453125
6 0.9078125 0.67265625 0.184375 0.2265625
6 0.93203125 0.8421875 0.1359375 0.315625