8 0.284375 0.21484375 0.56875 0.4296875
8 0.67734375 0.1 0.0484375 0.12265625
8 0.6296875 0.21796875 0.09140625 0.1515625
8 0.62890625 0.3796875 0.0921875 0.1
8 0.79765625 0.196875 0.0578125 0.11796875
8 0.81796875 0.296875 0.0765625 0.11796875
8 0.77734375 0.40703125 0.0796875 0.0453125
8 0.42890625 0.79609375 0.09609375 0.10078125
8 0.21015625 0.5359375 0.0796875 0.0765625
8 0.353125 0.4546875 0.115625 0.05
8 0.5484375 0.57421875 0.040625 0.0953125
8 0.0953125 0.80234375 0.0625 0.12734375
8 0.48671875 0.47421875 0.0796875 0.0890625
8 0.3734375 0.5984375 0.0890625 0.12265625
8 0.325 0.82890625 0.0671875 0.13203125
8 0.19921875 0.94765625 0.0703125 0.1046875
8 0.82109375 0.45703125 0.0484375 0.0546875
8 0.77421875 0.5421875 0.08671875 0.146875
8 0.6859375 0.73203125 0.08671875 0.12734375
8 0.77421875 0.72109375 0.08671875 0.1421875
8 0.93671875 0.521875 0.05546875 0.11328125
8 0.95625 0.61875 0.071875 0.11328125
8 0.91875 0.74765625 0.0765625 0.0890625
8 0.9734375 0.93984375 0.053125 0.1203125
8 0.9890625 0.81328125 0.021875 0.1109375