6 0.41171875 0.03046875 0.1484375 0.0609375
6 0.0609375 0.0953125 0.121875 0.134375
6 0.13125 0.290625 0.10078125 0.19921875
6 0.53203125 0.23671875 0.0359375 0.1421875
6 0.23515625 0.1609375 0.103125 0.13203125
6 0.3234375 0.16875 0.07421875 0.18984375
6 0.29921875 0.37421875 0.0984375 0.0703125
6 0.41640625 0.3578125 0.1203125 0.103125
6 0.9125 0.20859375 0.13203125 0.146875
6 0.5953125 0.3640625 0.090625 0.090625
6 0.759375 0.1234375 0.13203125 0.11328125
6 0.7328125 0.26875 0.08671875 0.0890625
6 0.57109375 0.09453125 0.0421875 0.1109375
8 0.275 0.70078125 0.55 0.5828125
6 0.8484375 0.7046875 0.303125 0.590625