6 0.04375 0.3359375 0.0875 0.209375
6 0.3546875 0.46640625 0.378125 0.1453125
6 0.65859375 0.3546875 0.1796875 0.36875
6 0.79765625 0.33359375 0.19453125 0.3609375
8 0.20546875 0.7484375 0.11796875 0.20703125
8 0.35 0.64765625 0.128125 0.2171875
8 0.4875 0.77578125 0.12265625 0.2234375
8 0.41953125 0.86328125 0.12734375 0.1421875
6 0.66796875 0.671875 0.08671875 0.08671875
6 0.7328125 0.7515625 0.0984375 0.11328125
6 0.80625 0.6 0.07421875 0.115625
6 0.7953125 0.684375 0.08203125 0.0625
6 0.88984375 0.72578125 0.10078125 0.12265625
6 0.84453125 0.88359375 0.0796875 0.1390625
6 0.7203125 0.9234375 0.09609375 0.09140625
6 0.621875 0.9109375 0.06484375 0.07421875
6 0.6546875 0.55078125 0.053125 0.0234375
6 0.8703125 0.5765625 0.096875 0.075
6 0.96640625 0.73984375 0.0671875 0.0734375
6 0.940625 0.871875 0.08203125 0.05078125
6 0.584375 0.62734375 0.03125 0.0578125