8 0.2921875 0.03203125 0.084375 0.0640625
8 0.2546875 0.3109375 0.125 0.178125
5 0.80859375 0.19609375 0.3828125 0.3921875
5 0.08515625 0.68359375 0.1703125 0.5078125
5 0.23828125 0.6734375 0.09140625 0.52890625
5 0.3859375 0.69296875 0.15390625 0.478125
8 0.8875 0.52265625 0.22109375 0.1875
8 0.728125 0.61875 0.134375 0.15390625
8 0.75390625 0.47265625 0.1796875 0.1453125
8 0.9671875 0.703125 0.065625 0.228125
8 0.91953125 0.91640625 0.1609375 0.1671875
8 0.72734375 0.8515625 0.18046875 0.196875
8 0.58125 0.8140625 0.103125 0.334375