8 0.12421875 0.40234375 0.2484375 0.1328125
8 0.2046875 0.29609375 0.18984375 0.25234375
8 0.1609375 0.08984375 0.259375 0.1796875
8 0.6109375 0.11953125 0.1875 0.2390625
8 0.8109375 0.16328125 0.16796875 0.25234375
8 0.93515625 0.25390625 0.1296875 0.2265625
8 0.92265625 0.0609375 0.0984375 0.121875
8 0.8125 0.02109375 0.096875 0.0421875
8 0.46015625 0.05078125 0.0921875 0.1015625
8 0.36171875 0.2953125 0.1046875 0.346875
8 0.4859375 0.303125 0.09375 0.1828125
8 0.6546875 0.734375 0.690625 0.53125