6 0.2453125 0.1796875 0.490625 0.359375
6 0.97578125 0.04140625 0.0484375 0.0828125
6 0.9703125 0.19765625 0.059375 0.0921875
6 0.890625 0.1859375 0.06484375 0.07421875
6 0.79609375 0.15390625 0.0625 0.12265625
6 0.725 0.17421875 0.08203125 0.09140625
6 0.6890625 0.021875 0.0875 0.04375
6 0.9234375 0.32109375 0.146875 0.0765625
6 0.83203125 0.31015625 0.0859375 0.0984375
6 0.78515625 0.25 0.06953125 0.103125
6 0.7296875 0.25859375 0.0578125 0.1390625
6 0.65546875 0.2234375 0.09375 0.0984375
6 0.05234375 0.69609375 0.1046875 0.6078125
6 0.8671875 0.6796875 0.265625 0.640625
6 0.65546875 0.68828125 0.1515625 0.6234375