8 0.16484375 0.19140625 0.3296875 0.1546875
8 0.1578125 0.13203125 0.315625 0.2640625
8 0.36484375 0.0890625 0.0703125 0.178125
8 0.53203125 0.1484375 0.19921875 0.16796875
8 0.49296875 0.04609375 0.1796875 0.0921875
8 0.70078125 0.0703125 0.1796875 0.140625
8 0.91015625 0.1140625 0.1796875 0.228125
8 0.9625 0.11796875 0.075 0.2359375
8 0.17109375 0.34140625 0.3171875 0.1453125
8 0.16484375 0.71796875 0.3296875 0.5578125
8 0.94609375 0.5625 0.0984375 0.115625
8 0.49296875 0.86171875 0.0796875 0.06484375
8 0.73125 0.64765625 0.071875 0.103125