7 0.38515625 0.42890625 0.2078125 0.3796875
7 0.1203125 0.43125 0.115625 0.19453125
7 0.21640625 0.05859375 0.115625 0.103125
7 0.23984375 0.2859375 0.27890625 0.29296875
7 0.4609375 0.23046875 0.05625 0.1390625
7 0.55625 0.12109375 0.134375 0.2421875
7 0.78203125 0.0921875 0.2703125 0.184375
7 0.73125 0.37109375 0.12734375 0.28359375
7 0.5609375 0.41953125 0.14375 0.2328125
7 0.91484375 0.01640625 0.1390625 0.0328125
7 0.134375 0.64765625 0.259375 0.0578125
7 0.434375 0.665625 0.109375 0.09375
7 0.76953125 0.809375 0.4609375 0.38125