6 0.334375 0.271875 0.15 0.178125
6 0.0734375 0.4453125 0.146875 0.146875
6 0.2015625 0.29375 0.1609375 0.21171875
6 0.2296875 0.334375 0.115625 0.1421875
8 0.69765625 0.34375 0.3578125 0.35
8 0.93359375 0.25078125 0.1328125 0.4765625
8 0.54453125 0.12734375 0.2234375 0.2546875
8 0.46328125 0.26796875 0.1078125 0.5015625
8 0.77109375 0.084375 0.4140625 0.16875
8 0.14609375 0.746875 0.1875 0.34375
6 0.82109375 0.77421875 0.321875 0.43984375
6 0.50859375 0.86953125 0.1984375 0.2609375
6 0.52578125 0.63984375 0.2328125 0.2421875
6 0.91328125 0.63046875 0.1734375 0.2234375
6 0.9125 0.89765625 0.175 0.2046875