6 0.1515625 0.2140625 0.15625 0.23046875
6 0.2703125 0.44140625 0.221875 0.1765625
6 0.4671875 0.32734375 0.13203125 0.28359375
6 0.3625 0.19140625 0.20703125 0.24765625
6 0.5640625 0.11484375 0.109375 0.2296875
6 0.5828125 0.334375 0.071875 0.3125
6 0.0546875 0.2984375 0.109375 0.2625
6 0.809375 0.26484375 0.38125 0.5296875
6 0.7 0.7078125 0.1625 0.290625
6 0.9 0.696875 0.2 0.25625
6 0.73046875 0.97265625 0.2234375 0.0546875
6 0.6828125 0.9328125 0.128125 0.134375
6 0.80859375 0.90859375 0.1265625 0.1828125
6 0.9203125 0.903125 0.14921875 0.115625