7 0.07421875 0.25 0.1484375 0.5
7 0.30390625 0.184375 0.27890625 0.2640625
7 0.31796875 0.4171875 0.2421875 0.165625
7 0.96015625 0.375 0.0796875 0.25
7 0.80703125 0.38515625 0.0921875 0.2296875
7 0.7 0.4140625 0.06875 0.171875
7 0.6078125 0.27421875 0.053125 0.12734375
7 0.50546875 0.36953125 0.0515625 0.1765625
7 0.43203125 0.803125 0.0953125 0.39375
7 0.13828125 0.6953125 0.15625 0.134375
7 0.1765625 0.8984375 0.21875 0.203125
7 0.38828125 0.55078125 0.1828125 0.1015625
7 0.16796875 0.55625 0.2265625 0.1125
7 0.0234375 0.59921875 0.046875 0.1984375
7 0.721875 0.8953125 0.16796875 0.134375
7 0.5625 0.75390625 0.165625 0.1796875
7 0.89609375 0.9625 0.2046875 0.075