8 0.4234375 0.3046875 0.165625 0.090625
8 0.11953125 0.0828125 0.2390625 0.165625
8 0.78984375 0.05078125 0.4203125 0.1015625
8 0.78984375 0.16953125 0.4203125 0.1109375
8 0.78984375 0.29296875 0.4203125 0.1140625
8 0.48359375 0.82421875 0.1921875 0.3453125
8 0.50546875 0.58984375 0.1484375 0.3109375
8 0.34765625 0.7390625 0.165625 0.44453125
8 0.76953125 0.94296875 0.1703125 0.1140625
8 0.640625 0.95078125 0.121875 0.0984375
8 0.915625 0.75078125 0.16875 0.2828125
8 0.765625 0.66484375 0.09375 0.21171875
8 0.97109375 0.925 0.0578125 0.15