8 0.2875 0.13359375 0.184375 0.1796875
8 0.35390625 0.046875 0.0515625 0.09375
8 0.33515625 0.3640625 0.084375 0.19453125
8 0.5765625 0.19921875 0.26171875 0.3921875
8 0.10625 0.64921875 0.2125 0.2140625
8 0.13671875 0.85859375 0.1078125 0.15625
8 0.29609375 0.94375 0.1671875 0.1125
8 0.51640625 0.5765625 0.2234375 0.215625
8 0.74296875 0.5859375 0.2015625 0.234375
8 0.94140625 0.58046875 0.1171875 0.2234375
8 0.96484375 0.8515625 0.0703125 0.296875
8 0.5046875 0.8578125 0.1875 0.284375
8 0.74609375 0.85546875 0.2453125 0.2890625