8 0.2109375 0.27109375 0.15390625 0.15625
8 0.2546875 0.53125 0.14375 0.0375
8 0.3875 0.38359375 0.14375 0.0953125
8 0.259375 0.096875 0.13203125 0.18515625
8 0.4203125 0.17578125 0.078125 0.1171875
8 0.6796875 0.20234375 0.134375 0.17578125
8 0.74296875 0.44609375 0.1734375 0.1703125
8 0.47890625 0.1484375 0.0390625 0.271875
8 0.94296875 0.1953125 0.1140625 0.25625
8 0.18828125 0.6359375 0.1515625 0.1515625
8 0.23046875 0.93515625 0.1390625 0.1296875
8 0.37421875 0.746875 0.1703125 0.09375
8 0.40625 0.57578125 0.10625 0.0515625
8 0.71875 0.99140625 0.0375 0.0171875