7 0.1609375 0.02890625 0.18125 0.0578125
7 0.33203125 0.0765625 0.1359375 0.153125
7 0.07265625 0.10546875 0.1453125 0.1671875
7 0.73046875 0.125 0.2609375 0.25
7 0.453125 0.11171875 0.10625 0.2234375
7 0.88359375 0.3484375 0.2328125 0.28125
7 0.85078125 0.24453125 0.2984375 0.4890625
7 0.53203125 0.2984375 0.2640625 0.38125
6 0.2 0.815625 0.4 0.36875
6 0.47890625 0.6859375 0.1578125 0.39375
6 0.91484375 0.89765625 0.1703125 0.2046875
6 0.840625 0.62578125 0.31875 0.2734375
6 0.5078125 0.9234375 0.215625 0.153125