6 0.16640625 0.38203125 0.1921875 0.2359375
6 0.41796875 0.3828125 0.2328125 0.234375
6 0.48046875 0.16875 0.2046875 0.22578125
6 0.20078125 0.175 0.18515625 0.2046875
6 0.07109375 0.2703125 0.1421875 0.290625
6 0.059375 0.046875 0.11875 0.09375
6 0.809375 0.25 0.38125 0.5
6 0.071875 0.61015625 0.14375 0.1640625
6 0.24140625 0.66953125 0.1109375 0.25703125
6 0.05546875 0.82890625 0.1109375 0.1734375
6 0.65234375 0.56640625 0.0671875 0.1328125
6 0.7140625 0.68359375 0.13203125 0.2953125
6 0.89296875 0.6796875 0.2015625 0.32421875
6 0.68203125 0.83515625 0.1265625 0.3296875
6 0.7640625 0.89375 0.12734375 0.19453125
6 0.89453125 0.93515625 0.1859375 0.1296875