6 0.1296875 0.2 0.259375 0.4
6 0.39296875 0.1 0.2453125 0.1921875
6 0.4625 0.303125 0.3625 0.19375
6 0.71640625 0.29765625 0.2484375 0.2046875
6 0.9421875 0.29296875 0.115625 0.2140625
6 0.909375 0.10859375 0.18125 0.2171875
6 0.6828125 0.05234375 0.25625 0.1046875
6 0.4390625 0.02890625 0.29375 0.0578125
6 0.13203125 0.8046875 0.12265625 0.1109375
6 0.02109375 0.96875 0.0421875 0.0625
6 0.028125 0.50625 0.05625 0.0625
6 0.45625 0.86953125 0.2625 0.2609375
6 0.73984375 0.84140625 0.2671875 0.3171875
6 0.7375 0.940625 0.221875 0.11875
6 0.94296875 0.85703125 0.1140625 0.2859375
6 0.83828125 0.43515625 0.2140625 0.0703125
6 0.6765625 0.4578125 0.20625 0.115625
6 0.79140625 0.553125 0.21875 0.2640625
6 0.91875 0.68984375 0.1625 0.2296875
6 0.93828125 0.52421875 0.1234375 0.1921875
6 0.3828125 0.609375 0.15625 0.165625
6 0.28828125 0.62734375 0.0578125 0.2484375
6 0.3046875 0.7609375 0.090625 0.196875
6 0.51484375 0.4765625 0.1609375 0.153125
6 0.54375 0.4890625 0.115625 0.1421875