5 0.16953125 0.2296875 0.3390625 0.459375
5 0.81953125 0.29296875 0.13671875 0.13671875
5 0.5046875 0.2703125 0.1609375 0.1296875
5 0.71328125 0.43515625 0.3671875 0.0484375
5 0.96640625 0.30234375 0.0671875 0.0734375
5 0.43359375 0.36875 0.09140625 0.06953125
5 0.63828125 0.221875 0.115625 0.0890625
5 0.3703125 0.3 0.0625 0.1515625
5 0.11328125 0.7296875 0.2265625 0.540625
5 0.6984375 0.5578125 0.134375 0.13203125
5 0.87578125 0.503125 0.0703125 0.0875
5 0.8359375 0.66015625 0.06484375 0.146875
5 0.98515625 0.59765625 0.0296875 0.1484375
5 0.97734375 0.79609375 0.0453125 0.1734375
5 0.8875 0.8078125 0.08203125 0.115625