8 0.1421875 0.06640625 0.134375 0.1328125
8 0.221875 0.1765625 0.09375 0.353125
8 0.52265625 0.259375 0.11328125 0.0984375
8 0.4453125 0.3171875 0.125 0.1296875
8 0.74609375 0.47109375 0.1359375 0.1359375
8 0.8328125 0.26953125 0.11796875 0.14921875
8 0.79765625 0.178125 0.15625 0.125
8 0.67421875 0.26796875 0.11328125 0.13203125
8 0.93671875 0.46171875 0.0953125 0.1546875
8 0.95859375 0.2546875 0.06953125 0.12265625
8 0.40234375 0.46953125 0.1828125 0.1390625
8 0.5828125 0.3796875 0.08671875 0.10078125
8 0.53125 0.49296875 0.0875 0.0921875
8 0.20703125 0.79453125 0.1234375 0.3390625
8 0.38359375 0.8859375 0.1671875 0.228125
8 0.69296875 0.76796875 0.15859375 0.20703125
8 0.73671875 0.96875 0.1921875 0.0625
8 0.4484375 0.6 0.146875 0.121875