6 0.16953125 0.23984375 0.3390625 0.4796875
6 0.66953125 0.23984375 0.6609375 0.4796875
6 0.2578125 0.85546875 0.09140625 0.09140625
6 0.30703125 0.9390625 0.0640625 0.11875
6 0.02265625 0.88828125 0.0453125 0.1359375
6 0.09296875 0.6828125 0.15390625 0.1421875
6 0.23515625 0.53125 0.1328125 0.103125
6 0.24609375 0.7015625 0.05546875 0.0796875
6 0.30390625 0.67109375 0.0703125 0.1078125
6 0.3296875 0.5953125 0.01875 0.103125
6 0.15234375 0.80859375 0.071875 0.0625
6 0.73125 0.57578125 0.5375 0.1921875
6 0.79609375 0.84453125 0.4078125 0.3109375
6 0.4546875 0.8453125 0.23125 0.30625
6 0.4015625 0.9671875 0.125 0.065625