6 0.33125 0.184375 0.496875 0.36875
8 0.8796875 0.08984375 0.13125 0.1796875
6 0.35859375 0.684375 0.4421875 0.63125
6 0.625 0.565625 0.090625 0.11875
6 0.69609375 0.4171875 0.0796875 0.096875
6 0.6859375 0.49453125 0.084375 0.0671875
6 0.784375 0.5390625 0.1078125 0.1296875
6 0.73671875 0.70625 0.084375 0.14921875
6 0.61796875 0.746875 0.0765625 0.096875
6 0.76484375 0.3953125 0.1015625 0.053125
6 0.87734375 0.5546875 0.09140625 0.0765625
6 0.83828125 0.69140625 0.084375 0.053125
6 0.59609375 0.8828125 0.0328125 0.090625