7 0.4984375 0.21875 0.0625 0.13125
7 0.34296875 0.3359375 0.16796875 0.13671875
7 0.09296875 0.221875 0.146875 0.146875
7 0.2953125 0.453125 0.165625 0.053125
7 0.07421875 0.42109375 0.1390625 0.1171875
7 0.3609375 0.1015625 0.1296875 0.1390625
7 0.76484375 0.23984375 0.4703125 0.4796875
7 0.3890625 0.7875 0.28125 0.425
7 0.07890625 0.73984375 0.1578125 0.5203125
6 0.6265625 0.640625 0.08203125 0.146875
6 0.6859375 0.6890625 0.06953125 0.1203125
6 0.6921875 0.76953125 0.1109375 0.08203125
6 0.8125 0.70546875 0.10546875 0.209375
6 0.934375 0.646875 0.13125 0.190625
6 0.96640625 0.8203125 0.0671875 0.228125
6 0.95390625 0.946875 0.0921875 0.10625
6 0.69765625 0.9734375 0.0984375 0.053125
6 0.61171875 0.853125 0.0984375 0.14921875
6 0.5609375 0.59296875 0.0625 0.1515625