6 0.22890625 0.17265625 0.4578125 0.3453125
6 0.09765625 0.40859375 0.1953125 0.0828125
6 0.51015625 0.41328125 0.0578125 0.0734375
6 0.6109375 0.33671875 0.14375 0.1796875
6 0.73515625 0.16796875 0.37734375 0.21640625
6 0.88359375 0.265625 0.2328125 0.146875
6 0.303125 0.78046875 0.334375 0.4390625
6 0.209375 0.48671875 0.41875 0.0734375
6 0.1484375 0.60390625 0.296875 0.3078125
6 0.20546875 0.90625 0.1828125 0.1875
6 0.76640625 0.52265625 0.1328125 0.1453125
6 0.971875 0.9015625 0.05625 0.11875
6 0.846875 0.9546875 0.125 0.090625
6 0.628125 0.978125 0.065625 0.04375
6 0.61328125 0.471875 0.1328125 0.04375
6 0.5875 0.5828125 0.08671875 0.0890625