5 0.1265625 0.034375 0.159375 0.06875
5 0.41328125 0.02890625 0.1734375 0.0578125
5 0.06875 0.06953125 0.1375 0.1390625
5 0.06796875 0.228125 0.1359375 0.159375
5 0.30625 0.27421875 0.259375 0.21171875
5 0.46328125 0.26328125 0.0734375 0.1703125
5 0.29140625 0.43359375 0.1515625 0.0921875
5 0.43671875 0.39375 0.1203125 0.171875
5 0.740625 0.3421875 0.06484375 0.11796875
5 0.25 0.70859375 0.5 0.4578125
5 0.59453125 0.76640625 0.165625 0.2234375
5 0.9296875 0.54375 0.1078125 0.1109375
5 0.78828125 0.55390625 0.1546875 0.1484375
5 0.884375 0.77265625 0.14921875 0.12265625
5 0.759375 0.715625 0.13671875 0.14453125
5 0.82578125 0.9328125 0.1265625 0.134375