8 0.15 0.21484375 0.3 0.4296875
8 0.390625 0.121875 0.18125 0.24375
8 0.6859375 0.134375 0.215625 0.26875
8 0.96328125 0.1203125 0.0734375 0.240625
8 0.3984375 0.38828125 0.196875 0.0828125
8 0.70625 0.38203125 0.25 0.0953125
8 0.0140625 0.58203125 0.028125 0.2015625
8 0.0765625 0.9375 0.153125 0.125
8 0.18984375 0.71796875 0.165625 0.12265625
8 0.1578125 0.4640625 0.1375 0.06875
8 0.67109375 0.7390625 0.20703125 0.3890625
8 0.48984375 0.58828125 0.1703125 0.3171875
8 0.690625 0.4953125 0.225 0.13125
8 0.49453125 0.94140625 0.1453125 0.1171875