5 0.35078125 0.171875 0.1703125 0.34375
5 0.7625 0.10703125 0.196875 0.2140625
8 0.315625 0.89140625 0.303125 0.2171875
8 0.4234375 0.74296875 0.18984375 0.25234375
8 0.1375 0.8234375 0.24296875 0.31015625
8 0.14375 0.5484375 0.165625 0.278125
8 0.3796875 0.51796875 0.259375 0.2171875
8 0.5515625 0.80234375 0.115625 0.2578125
8 0.5453125 0.97578125 0.128125 0.0484375
8 0.65859375 0.56328125 0.0984375 0.3078125
8 0.8625 0.59921875 0.16875 0.3796875
8 0.77734375 0.64296875 0.1703125 0.4671875
8 0.98046875 0.54921875 0.0390625 0.2796875