6 0.21953125 0.2046875 0.4390625 0.409375
6 0.61875 0.23125 0.359375 0.35625
6 0.64296875 0.17265625 0.3046875 0.3453125
6 0.83203125 0.0484375 0.3359375 0.096875
6 0.890625 0.2203125 0.21875 0.378125
6 0.03671875 0.7265625 0.0734375 0.340625
6 0.33828125 0.75078125 0.2015625 0.4859375
6 0.978125 0.7828125 0.04375 0.253125
6 0.88984375 0.6265625 0.15390625 0.26953125
6 0.70859375 0.67421875 0.18515625 0.196875
6 0.69921875 0.89296875 0.2359375 0.2140625
6 0.55625 0.78359375 0.14921875 0.1734375
6 0.46171875 0.81171875 0.0453125 0.3765625
6 0.525 0.92109375 0.171875 0.1578125
6 0.5609375 0.48125 0.1875 0.14375
6 0.5609375 0.603125 0.1609375 0.178125
6 0.46171875 0.5546875 0.0453125 0.209375