6 0.2921875 0.175 0.134375 0.35
6 0.05078125 0.39921875 0.1015625 0.3296875
6 0.4359375 0.28984375 0.153125 0.2640625
6 0.4546875 0.4984375 0.1875 0.221875
6 0.5890625 0.45078125 0.12734375 0.290625
6 0.678125 0.55625 0.128125 0.10625
6 0.8515625 0.546875 0.19375 0.125
6 0.9140625 0.27421875 0.171875 0.3046875
6 0.75234375 0.13828125 0.1921875 0.21640625
6 0.53828125 0.20078125 0.19453125 0.26171875
6 0.45234375 0.075 0.1640625 0.15
6 0.97109375 0.109375 0.0578125 0.21875
6 0.97109375 0.53359375 0.0578125 0.1515625
6 0.5578125 0.7125 0.28125 0.20625
6 0.3953125 0.92109375 0.071875 0.1578125
6 0.59140625 0.9734375 0.1328125 0.053125
6 0.81796875 0.97109375 0.1765625 0.0578125
6 0.94765625 0.971875 0.1046875 0.05625