8 0.45546875 0.22578125 0.1078125 0.1265625
8 0.32578125 0.221875 0.14453125 0.2671875
8 0.1984375 0.32890625 0.08671875 0.09375
8 0.121875 0.18359375 0.1203125 0.08203125
8 0.821875 0.21796875 0.35625 0.4015625
8 0.32890625 0.84765625 0.1734375 0.15390625
8 0.33984375 0.96171875 0.2921875 0.0765625
8 0.28046875 0.58671875 0.1109375 0.12265625
8 0.46171875 0.4828125 0.0953125 0.128125
8 0.6234375 0.75 0.228125 0.35625
8 0.85390625 0.53984375 0.2046875 0.2421875
8 0.8578125 0.76953125 0.284375 0.3140625