7 0.37890625 0.284375 0.2421875 0.56875
7 0.10703125 0.284375 0.2140625 0.56875
7 0.86640625 0.1 0.2671875 0.2
7 0.70703125 0.2984375 0.4140625 0.228125
7 0.93671875 0.29765625 0.1265625 0.2703125
7 0.575 0.4640625 0.15 0.209375
7 0.190625 0.70546875 0.18984375 0.06484375
7 0.38046875 0.69453125 0.209375 0.040625
7 0.46953125 0.9140625 0.0609375 0.05625
7 0.31484375 0.975 0.1265625 0.05
7 0.19765625 0.8578125 0.1390625 0.0578125
7 0.0515625 0.825 0.103125 0.053125
7 0.0484375 0.78203125 0.096875 0.0671875
7 0.8296875 0.85703125 0.340625 0.2859375