6 0.2875 0.1375 0.575 0.275
6 0.79375 0.1609375 0.4125 0.321875
6 0.240625 0.62578125 0.196875 0.27421875
6 0.278125 0.8640625 0.19375 0.271875
6 0.4171875 0.7921875 0.13203125 0.303125
6 0.51015625 0.9234375 0.1328125 0.153125
6 0.07421875 0.95 0.1484375 0.1
6 0.53359375 0.475 0.0921875 0.2125
6 0.3640625 0.5328125 0.2015625 0.271875
6 0.0984375 0.53046875 0.1421875 0.21875
6 0.27578125 0.42578125 0.1734375 0.1140625
6 0.65078125 0.62265625 0.1421875 0.1671875
6 0.9421875 0.759375 0.115625 0.14375
6 0.88671875 0.58125 0.17578125 0.10546875