8 0.28359375 0.26328125 0.3609375 0.5265625
8 0.0484375 0.24453125 0.096875 0.4890625
8 0.77890625 0.284375 0.3203125 0.56875
8 0.39921875 0.59765625 0.2328125 0.0578125
8 0.03671875 0.82421875 0.0734375 0.3390625
8 0.0953125 0.86640625 0.125 0.2546875
8 0.29609375 0.86953125 0.1578125 0.2609375
8 0.47734375 0.865625 0.1671875 0.26875
8 0.8765625 0.80703125 0.159375 0.3859375
8 0.7875 0.96640625 0.21875 0.0671875
8 0.66171875 0.66953125 0.0859375 0.2015625
8 0.63515625 0.87109375 0.0328125 0.1765625
8 0.71796875 0.60234375 0.1453125 0.0671875