6 0.065625 0.41484375 0.115625 0.0484375
6 0.05234375 0.04296875 0.1046875 0.0859375
6 0.103125 0.18515625 0.09375 0.1390625
6 0.57421875 0.21953125 0.6109375 0.4390625
6 0.1046875 0.65703125 0.209375 0.1140625
6 0.3625 0.884375 0.2625 0.23125
6 0.64609375 0.85625 0.2671875 0.2875
6 0.64375 0.95546875 0.221875 0.0890625
6 0.89609375 0.871875 0.2078125 0.25625
6 0.74453125 0.46953125 0.2140625 0.0609375
6 0.5828125 0.4921875 0.20625 0.10625
6 0.69765625 0.5828125 0.21875 0.2640625
6 0.871875 0.71953125 0.25625 0.2296875
6 0.86328125 0.55390625 0.15859375 0.1921875
6 0.2890625 0.6390625 0.15625 0.165625
6 0.2328125 0.790625 0.046875 0.196875
6 0.42109375 0.5109375 0.1609375 0.14375
6 0.45 0.51875 0.115625 0.1421875