6 0.10390625 0.528125 0.1921875 0.28125
6 0.32421875 0.51953125 0.1703125 0.2609375
6 0.3625 0.29140625 0.09375 0.2265625
6 0.13828125 0.2984375 0.18515625 0.2046875
6 0.03984375 0.39375 0.0796875 0.290625
6 0.0921875 0.653125 0.184375 0.03125
6 0.159375 0.03046875 0.240625 0.0609375
6 0.028125 0.11640625 0.05625 0.2015625
6 0.43515625 0.36015625 0.0515625 0.1765625
6 0.47734375 0.53515625 0.1359375 0.2578125
6 0.6140625 0.5046875 0.16796875 0.3265625
6 0.734375 0.2625 0.1515625 0.240625
6 0.6015625 0.2984375 0.14921875 0.2015625
6 0.5125 0.2578125 0.1703125 0.196875
6 0.5046875 0.36875 0.1078125 0.26171875
6 0.2046875 0.834375 0.409375 0.33125
6 0.9140625 0.8328125 0.171875 0.328125
6 0.75390625 0.934375 0.2890625 0.13125
6 0.5046875 0.834375 0.190625 0.290625