8 0.50625 0.35546875 0.125 0.1078125
8 0.20390625 0.084375 0.1890625 0.16875
8 0.5140625 0.0703125 0.109375 0.140625
8 0.84296875 0.22734375 0.24296875 0.321875
8 0.71953125 0.11484375 0.3015625 0.2296875
8 0.66484375 0.2953125 0.1921875 0.228125
8 0.55 0.83515625 0.0375 0.0984375
8 0.28125 0.84453125 0.11796875 0.14921875
8 0.315625 0.753125 0.15625 0.125
8 0.43984375 0.84296875 0.1109375 0.13203125
8 0.1765625 0.97890625 0.09375 0.0421875
8 0.1546875 0.8296875 0.06953125 0.1203125
8 0.5265625 0.9515625 0.084375 0.096875
8 0.784375 0.7046875 0.43125 0.590625