7 0.44296875 0.0953125 0.4734375 0.1875
7 0.2078125 0.09453125 0.34375 0.1890625
6 0.83828125 0.01953125 0.0765625 0.0390625
6 0.89609375 0.03671875 0.0703125 0.0734375
6 0.90390625 0.09375 0.10546875 0.0796875
6 0.98359375 0.065625 0.0328125 0.13125
6 0.825 0.14609375 0.096875 0.0859375
6 0.25078125 0.3078125 0.1921875 0.2375
6 0.60625 0.54296875 0.146875 0.2703125
6 0.11015625 0.784375 0.2203125 0.25625
7 0.7828125 0.3140625 0.20625 0.246875
7 0.7203125 0.5390625 0.08125 0.215625
7 0.89453125 0.90625 0.2109375 0.1875
7 0.8765625 0.54296875 0.246875 0.2078125
7 0.97265625 0.31484375 0.0546875 0.2515625
7 0.7234375 0.88984375 0.0875 0.2140625
7 0.80234375 0.73203125 0.19921875 0.2015625