8 0.1953125 0.06953125 0.16875 0.1390625
8 0.5796875 0.14296875 0.165625 0.1703125
8 0.4953125 0.22421875 0.10546875 0.13671875
8 0.0453125 0.096875 0.090625 0.19375
8 0.16484375 0.38359375 0.1109375 0.1703125
8 0.05078125 0.36640625 0.0984375 0.2046875
8 0.35859375 0.41328125 0.1484375 0.1109375
8 0.2671875 0.24140625 0.1609375 0.13671875
8 0.3390625 0.0359375 0.0875 0.071875
8 0.44921875 0.08984375 0.09609375 0.1203125
8 0.70859375 0.25390625 0.0796875 0.1171875
8 0.89765625 0.4453125 0.1390625 0.046875
8 0.071875 0.79140625 0.14375 0.2640625
8 0.23359375 0.8203125 0.08671875 0.2859375
8 0.36015625 0.8984375 0.1671875 0.203125