6 0.21015625 0.21484375 0.3796875 0.4296875
6 0.67890625 0.1734375 0.2296875 0.346875
6 0.4828125 0.13828125 0.165625 0.2484375
6 0.8359375 0.28203125 0.2140625 0.24296875
6 0.66640625 0.38125 0.3265625 0.096875
6 0.9265625 0.1 0.146875 0.184375
6 0.3625 0.82890625 0.075 0.3421875
6 0.228125 0.8265625 0.1421875 0.2859375
6 0.03203125 0.8578125 0.0640625 0.284375
6 0.690625 0.578125 0.2125 0.296875
6 0.51875 0.48984375 0.2375 0.1203125
6 0.5078125 0.86328125 0.215625 0.1984375
6 0.94921875 0.865625 0.1015625 0.26875
6 0.81640625 0.915625 0.1984375 0.16875
6 0.94296875 0.4828125 0.1140625 0.10625
6 0.90859375 0.62109375 0.1828125 0.2296875