8 0.540625 0.31484375 0.15625 0.2546875
8 0.1359375 0.1640625 0.0671875 0.13671875
8 0.1296875 0.59609375 0.13125 0.1265625
8 0.04453125 0.596875 0.0890625 0.125
8 0.43203125 0.609375 0.1109375 0.1
8 0.56328125 0.13046875 0.10078125 0.178125
8 0.44609375 0.0359375 0.1390625 0.071875
8 0.3046875 0.1671875 0.146875 0.16796875
8 0.1390625 0.33125 0.1296875 0.13671875
8 0.3703125 0.32109375 0.103125 0.11796875
8 0.24375 0.3859375 0.0796875 0.0984375
8 0.24140625 0.5875 0.1171875 0.14375
8 0.8625 0.26328125 0.0984375 0.11328125
8 0.77734375 0.45625 0.1078125 0.14453125
8 0.9421875 0.421875 0.06953125 0.1078125
8 0.63828125 0.228125 0.0390625 0.125
8 0.77890625 0.11171875 0.11796875 0.1078125
8 0.6671875 0.0171875 0.084375 0.034375
8 0.62734375 0.48359375 0.0171875 0.1015625
8 0.67578125 0.6203125 0.1140625 0.078125
8 0.309375 0.8296875 0.61875 0.340625