5 0.09609375 0.128125 0.1078125 0.11328125
5 0.0625 0.353125 0.125 0.1125
5 0.23125 0.35859375 0.175 0.1015625
5 0.2625 0.02734375 0.1125 0.0546875
5 0.29609375 0.11171875 0.0453125 0.2140625
5 0.8265625 0.0796875 0.2125 0.159375
5 0.60078125 0.07734375 0.2015625 0.1546875
5 0.39765625 0.12734375 0.1578125 0.2546875
5 0.94375 0.23203125 0.1125 0.2140625
5 0.1390625 0.65625 0.278125 0.49375
5 0.90625 0.93828125 0.1875 0.1234375
5 0.7546875 0.82578125 0.24296875 0.1203125
5 0.96875 0.6578125 0.0625 0.096875
5 0.36015625 0.67578125 0.0828125 0.0859375
5 0.51796875 0.8046875 0.125 0.1078125
5 0.596875 0.97109375 0.21875 0.0578125