6 0.203125 0.26796875 0.23046875 0.28359375
6 0.459375 0.228125 0.1734375 0.16796875
6 0.52109375 0.4578125 0.0765625 0.215625
6 0.2265625 0.478125 0.15 0.18125
6 0.053125 0.31640625 0.10625 0.2578125
6 0.075 0.10234375 0.1125 0.2046875
6 0.809375 0.0765625 0.190625 0.153125
6 0.62578125 0.18359375 0.1328125 0.3671875
6 0.6390625 0.35703125 0.159375 0.2703125
6 0.9578125 0.22421875 0.084375 0.2765625
6 0.946875 0.46171875 0.10625 0.2140625
6 0.38828125 0.78359375 0.3421875 0.2609375
6 0.6078125 0.6703125 0.096875 0.203125
6 0.62109375 0.76171875 0.1234375 0.2703125
6 0.93984375 0.66796875 0.1203125 0.1984375
6 0.92890625 0.87734375 0.1421875 0.2359375