5 0.3421875 0.25 0.675 0.5
8 0.78203125 0.1359375 0.1109375 0.18984375
8 0.91796875 0.27734375 0.11796875 0.09609375
8 0.946875 0.4015625 0.10625 0.14375
8 0.9671875 0.22734375 0.065625 0.1609375
8 0.9078125 0.146875 0.115625 0.165625
5 0.1203125 0.9125 0.240625 0.175
5 0.20703125 0.7265625 0.1421875 0.19921875
5 0.90859375 0.646875 0.1828125 0.15
5 0.86328125 0.85078125 0.16328125 0.1875
5 0.87421875 0.9796875 0.1109375 0.040625
5 0.75 0.5765625 0.140625 0.153125
5 0.715625 0.878125 0.071875 0.24375