8 0.24921875 0.0265625 0.1109375 0.053125
8 0.56171875 0.1171875 0.0953125 0.19375
8 0.22734375 0.21328125 0.0796875 0.0921875
8 0.03359375 0.1625 0.06015625 0.115625
8 0.4265625 0.1625 0.053125 0.115625
8 0.9640625 0.07421875 0.071875 0.1484375
8 0.8109375 0.23671875 0.103125 0.0453125
8 0.73984375 0.16640625 0.1390625 0.1859375
8 0.475 0.79453125 0.26875 0.3296875
8 0.05234375 0.7109375 0.1046875 0.153125
8 0.07578125 0.8828125 0.1515625 0.215625
8 0.20390625 0.275 0.2984375 0.03125
8 0.3828125 0.3140625 0.21875 0.109375
8 0.478125 0.5625 0.24765625 0.24296875
8 0.721875 0.36796875 0.225 0.2171875
8 0.93203125 0.38359375 0.1359375 0.2484375
8 0.9421875 0.78046875 0.115625 0.4015625
8 0.728125 0.77421875 0.2375 0.3171875