6 0.1828125 0.25 0.365625 0.5
6 0.565625 0.221875 0.1703125 0.34375
6 0.9078125 0.246875 0.184375 0.490625
6 0.55390625 0.4703125 0.1640625 0.059375
6 0.1953125 0.8890625 0.3875 0.221875
6 0.28203125 0.57890625 0.18046875 0.1109375
6 0.44453125 0.79140625 0.1109375 0.1734375
6 0.4921875 0.91953125 0.1875 0.1609375
6 0.653125 0.8859375 0.16875 0.228125
6 0.77421875 0.69453125 0.1515625 0.23828125
6 0.6421875 0.73203125 0.146875 0.19921875
6 0.55390625 0.68984375 0.16796875 0.19453125
6 0.54453125 0.79921875 0.1078125 0.259375