8 0.3625 0.11171875 0.08203125 0.115625
8 0.23984375 0.1125 0.0765625 0.0984375
8 0.15 0.08984375 0.06953125 0.12734375
8 0.44765625 0.32578125 0.0625 0.10078125
8 0.509375 0.32578125 0.06953125 0.10546875
8 0.73671875 0.11640625 0.0859375 0.1109375
8 0.31171875 0.35546875 0.071875 0.08203125
8 0.31640625 0.2390625 0.06015625 0.09609375
8 0.3828125 0.27109375 0.06953125 0.0796875
8 0.4453125 0.1765625 0.12734375 0.115625
8 0.00859375 0.1484375 0.0171875 0.115625
8 0.03359375 0.20546875 0.0671875 0.1015625
8 0.1734375 0.38671875 0.0984375 0.0671875
8 0.378125 0.44765625 0.103125 0.0421875
8 0.1421875 0.221875 0.06953125 0.10546875
8 0.04609375 0.021875 0.0578125 0.04375
8 0.3015625 0.0234375 0.0875 0.046875
8 0.53515625 0.05625 0.0625 0.06953125
8 0.69921875 0.3953125 0.1109375 0.1109375
8 0.21953125 0.43984375 0.0578125 0.0578125
8 0.2359375 0.30234375 0.05078125 0.12734375
8 0.3859375 0.02578125 0.084375 0.0515625
8 0.603125 0.02109375 0.0625 0.0421875
8 0.646875 0.2171875 0.05546875 0.09609375
8 0.634375 0.31015625 0.06484375 0.06484375
8 0.740625 0.21640625 0.078125 0.0578125
8 0.575 0.39140625 0.071875 0.06953125
8 0.45859375 0.43671875 0.0796875 0.0640625
8 0.059375 0.29765625 0.05546875 0.0796875
8 0.57890625 0.77578125 0.18515625 0.25703125
8 0.24609375 0.49140625 0.1890625 0.0453125
8 0.2953125 0.89453125 0.159375 0.2109375
8 0.75703125 0.9203125 0.0453125 0.159375
8 0.1125 0.85703125 0.1109375 0.25234375
8 0.93125 0.765625 0.1375 0.36875