8 0.32421875 0.3484375 0.12265625 0.21171875
8 0.08125 0.2390625 0.0890625 0.2015625
8 0.1828125 0.05546875 0.121875 0.1109375
8 0.44296875 0.41875 0.0671875 0.13671875
8 0.3375 0.0671875 0.103125 0.134375
8 0.19296875 0.434375 0.09375 0.17578125
8 0.196875 0.58828125 0.065625 0.0421875
8 0.41796875 0.28828125 0.0796875 0.115625
8 0.35625 0.2171875 0.10078125 0.146875
8 0.21484375 0.27734375 0.0890625 0.12734375
8 0.04765625 0.05390625 0.0953125 0.1078125
8 0.01171875 0.20546875 0.0234375 0.0984375
8 0.0140625 0.271875 0.028125 0.153125
8 0.41796875 0.0671875 0.1203125 0.134375
8 0.75 0.2515625 0.5 0.503125
8 0.25 0.8046875 0.5 0.390625
8 0.75 0.8046875 0.5 0.390625