8 0.19921875 0.36953125 0.0796875 0.0609375
8 0.5421875 0.296875 0.334375 0.20625
8 0.9 0.28046875 0.2 0.2390625
8 0.584375 0.171875 0.24296875 0.3390625
8 0.8078125 0.1265625 0.209375 0.253125
8 0.9484375 0.09140625 0.103125 0.1828125
5 0.075 0.47109375 0.1375 0.1421875
5 0.1109375 0.8890625 0.175 0.221875
5 0.2296875 0.6109375 0.125 0.2546875
5 0.2734375 0.834375 0.1125 0.10625
5 0.10234375 0.6796875 0.13203125 0.14453125
8 0.6296875 0.97578125 0.05625 0.0484375
8 0.928125 0.9734375 0.028125 0.053125