8 0.42578125 0.121875 0.2671875 0.240625
8 0.2546875 0.1578125 0.23828125 0.22578125
8 0.1390625 0.2625 0.178125 0.053125
5 0.590625 0.09296875 0.0625 0.1859375
5 0.72421875 0.08984375 0.1546875 0.1796875
5 0.91484375 0.0984375 0.1703125 0.196875
8 0.1390625 0.5734375 0.0484375 0.11328125
8 0.10078125 0.98984375 0.0578125 0.0203125
8 0.29609375 0.95703125 0.0421875 0.0859375
8 0.30625 0.53828125 0.0625 0.11796875
8 0.64921875 0.83125 0.1796875 0.3375
8 0.6953125 0.62265625 0.18984375 0.25234375
8 0.6703125 0.39765625 0.221875 0.2171875
8 0.8828125 0.68203125 0.234375 0.2578125
8 0.8453125 0.89453125 0.1828125 0.125
8 0.9421875 0.47265625 0.115625 0.2328125