8 0.09609375 0.31328125 0.1921875 0.3328125
8 0.32578125 0.17421875 0.3078125 0.2421875
8 0.753125 0.4 0.04296875 0.03828125
8 0.71484375 0.275 0.03828125 0.0359375
8 0.665625 0.375 0.0265625 0.0359375
8 0.4859375 0.32890625 0.0125 0.0484375
8 0.171875 0.565625 0.34375 0.171875
8 0.171875 0.75390625 0.34375 0.1890625
8 0.1890625 0.87578125 0.378125 0.2265625
8 0.646875 0.65703125 0.11328125 0.0984375
8 0.7234375 0.7140625 0.12265625 0.1296875
8 0.51640625 0.6640625 0.0734375 0.13125
8 0.7640625 0.87890625 0.1828125 0.16328125
8 0.58671875 0.77578125 0.08671875 0.10078125
8 0.63828125 0.9046875 0.084375 0.1203125