6 0.0765625 0.1546875 0.153125 0.309375
6 0.27578125 0.11328125 0.2484375 0.2265625
6 0.10703125 0.41640625 0.2140625 0.2453125
6 0.47265625 0.490625 0.1140625 0.096875
6 0.446875 0.2203125 0.146875 0.14453125
6 0.95078125 0.28828125 0.0984375 0.2359375
6 0.78203125 0.0921875 0.1046875 0.184375
6 0.60859375 0.07265625 0.0859375 0.1453125
6 0.91484375 0.0890625 0.1234375 0.178125
6 0.7828125 0.215625 0.10546875 0.1390625
6 0.8375 0.35234375 0.08203125 0.18984375
6 0.77578125 0.52265625 0.0765625 0.0328125
6 0.6203125 0.52265625 0.084375 0.0328125
6 0.65234375 0.31171875 0.0984375 0.178125
6 0.55625 0.178125 0.053125 0.21875
6 0.68046875 0.065625 0.0671875 0.13125
8 0.17578125 0.69453125 0.2390625 0.3109375
8 0.41015625 0.8421875 0.2390625 0.315625
8 0.2515625 0.9390625 0.321875 0.121875
6 0.9578125 0.74765625 0.084375 0.3015625
6 0.7140625 0.8265625 0.2640625 0.27421875
6 0.90078125 0.9265625 0.1921875 0.146875
6 0.57265625 0.6109375 0.0859375 0.14375
6 0.57890625 0.7734375 0.0984375 0.221875
6 0.56953125 0.93046875 0.0796875 0.1390625