8 0.2765625 0.275 0.546875 0.55
8 0.69140625 0.06796875 0.1796875 0.1359375
8 0.9 0.06640625 0.2 0.1328125
8 0.57265625 0.10390625 0.0453125 0.2078125
8 0.57109375 0.353125 0.0421875 0.284375
8 0.7390625 0.28203125 0.18515625 0.24296875
8 0.91875 0.3890625 0.13671875 0.3171875
8 0.32109375 0.59375 0.0828125 0.0875
8 0.19921875 0.58984375 0.0765625 0.0796875
8 0.10859375 0.5859375 0.0703125 0.071875
8 0.40703125 0.79453125 0.0625 0.10078125
8 0.46875 0.79453125 0.06953125 0.10546875
8 0.15234375 0.98125 0.1015625 0.0375
8 0.27109375 0.82421875 0.071875 0.08203125
8 0.27578125 0.7078125 0.06015625 0.09609375
8 0.3421875 0.73984375 0.06953125 0.0796875
8 0.4046875 0.6453125 0.12734375 0.115625
8 0.01328125 0.67421875 0.0265625 0.1015625
8 0.1328125 0.85546875 0.0984375 0.0671875
8 0.33828125 0.9453125 0.103125 0.0984375
8 0.1015625 0.690625 0.06953125 0.10546875
8 0.1796875 0.91328125 0.0578125 0.0671875
8 0.1953125 0.77109375 0.05078125 0.12734375
8 0.52421875 0.859375 0.0515625 0.06875
8 0.41875 0.91796875 0.0796875 0.0890625
8 0.071875 0.98984375 0.075 0.0203125
8 0.02265625 0.76640625 0.0453125 0.0796875
8 0.640625 0.6125 0.18125 0.125
8 0.746875 0.8140625 0.1109375 0.12265625
8 0.93984375 0.68984375 0.1203125 0.1671875