8 0.27734375 0.18359375 0.1640625 0.1390625
8 0.86484375 0.0234375 0.1328125 0.046875
8 0.6640625 0.02265625 0.09375 0.0453125
8 0.5109375 0.0515625 0.11875 0.103125
8 0.0828125 0.52578125 0.115625 0.0921875
8 0.26328125 0.6765625 0.0625 0.0984375
8 0.25234375 0.896875 0.0625 0.09609375
8 0.27421875 0.959375 0.0546875 0.08125
8 0.12890625 0.9609375 0.0796875 0.078125
8 0.08046875 0.8640625 0.06953125 0.10078125
8 0.0140625 0.85546875 0.028125 0.1203125
8 0.2296875 0.528125 0.053125 0.096875
8 0.93125 0.74140625 0.09375 0.12265625
8 0.53359375 0.58125 0.16328125 0.1390625
8 0.77890625 0.7703125 0.11796875 0.18046875