7 0.27421875 0.18359375 0.103125 0.0796875
7 0.153125 0.2078125 0.084375 0.0765625
7 0.48359375 0.24453125 0.1328125 0.1453125
7 0.01875 0.14921875 0.0375 0.2984375
7 0.8578125 0.059375 0.284375 0.11875
6 0.2265625 0.8390625 0.12734375 0.21171875
6 0.28359375 0.70078125 0.10078125 0.18046875
6 0.38515625 0.64453125 0.0953125 0.1515625
6 0.4703125 0.88046875 0.0765625 0.1390625
6 0.52109375 0.9265625 0.0578125 0.115625
6 0.515625 0.98203125 0.06875 0.0359375
6 0.03671875 0.9625 0.0734375 0.075
6 0.1265625 0.86015625 0.13671875 0.196875
6 0.009375 0.7296875 0.01875 0.190625
6 0.18203125 0.6859375 0.12734375 0.165625
6 0.40078125 0.8359375 0.07421875 0.146875