6 0.30703125 0.10703125 0.09609375 0.08671875
6 0.340625 0.55859375 0.08671875 0.15859375
6 0.5390625 0.34296875 0.140625 0.2171875
6 0.65703125 0.18125 0.19921875 0.240625
6 0.86953125 0.1046875 0.2609375 0.146875
6 0.96953125 0.44609375 0.0609375 0.3859375
6 0.81640625 0.49609375 0.3265625 0.2859375
6 0.55234375 0.10703125 0.1671875 0.2140625
7 0.234375 0.71171875 0.46875 0.1453125
7 0.3609375 0.90625 0.215625 0.1875
7 0.95546875 0.84375 0.0890625 0.13125
7 0.7859375 0.94609375 0.16875 0.1078125
7 0.5390625 0.846875 0.140625 0.146875
7 0.8046875 0.7265625 0.1296875 0.1390625