6 0.32734375 0.2546875 0.6046875 0.509375
6 0.66328125 0.91015625 0.0671875 0.1078125
6 0.77890625 0.76640625 0.08203125 0.1296875
6 0.85703125 0.6078125 0.0578125 0.09375
6 0.91796875 0.903125 0.06953125 0.084375
6 0.86640625 0.928125 0.0625 0.08671875
6 0.91328125 0.96171875 0.0578125 0.0765625
6 0.83828125 0.965625 0.0609375 0.06875
6 0.72421875 0.97578125 0.0578125 0.0484375
6 0.6984375 0.71328125 0.05078125 0.103125
6 0.6453125 0.58359375 0.03125 0.0640625
6 0.6734375 0.546875 0.0875 0.075
6 0.7140625 0.5875 0.06015625 0.06953125
6 0.7703125 0.56328125 0.0625 0.09375
6 0.94921875 0.6265625 0.09140625 0.13203125
6 0.90625 0.7640625 0.0671875 0.09609375
6 0.8953125 0.8265625 0.06953125 0.08671875
6 0.97421875 0.76953125 0.0515625 0.1078125