8 0.4125 0.15390625 0.09375 0.0859375
8 0.15 0.0546875 0.115625 0.109375
8 0.10703125 0.28828125 0.1390625 0.125
8 0.38203125 0.03203125 0.1546875 0.0640625
8 0.7296875 0.1796875 0.540625 0.359375
8 0.28125 0.39140625 0.153125 0.0640625
8 0.146875 0.43203125 0.19375 0.1453125
8 0.29609375 0.5296875 0.16328125 0.16796875
8 0.38046875 0.61171875 0.10546875 0.13671875
8 0.41875 0.47734375 0.08125 0.1203125
8 0.1609375 0.91796875 0.153125 0.1640625
8 0.15 0.67890625 0.09609375 0.15390625
8 0.0359375 0.82421875 0.071875 0.1953125
8 0.37734375 0.96484375 0.1640625 0.0703125
5 0.7296875 0.80859375 0.540625 0.3828125