8 0.090625 0.30390625 0.134375 0.11796875
8 0.62578125 0.325 0.0671875 0.103125
8 0.54296875 0.3 0.10078125 0.125
8 0.4578125 0.365625 0.1125 0.028125
8 0.03515625 0.16953125 0.0703125 0.1203125
8 0.4046875 0.04453125 0.10625 0.0890625
6 0.82578125 0.23359375 0.3328125 0.2921875
6 0.740625 0.11640625 0.1625 0.2328125
6 0.3296875 0.68984375 0.659375 0.6203125
8 0.69453125 0.44921875 0.0703125 0.1296875
8 0.89609375 0.71796875 0.13203125 0.18046875
8 0.79453125 0.57421875 0.10078125 0.1390625
8 0.73359375 0.76484375 0.09375 0.1703125