8 0.178125 0.34765625 0.0484375 0.0484375
5 0.66328125 0.1984375 0.6734375 0.396875
8 0.03125 0.63125 0.0625 0.14375
8 0.14140625 0.75859375 0.15859375 0.19453125
8 0.184375 0.63125 0.146875 0.14375
8 0.29453125 0.78671875 0.0296875 0.1796875
8 0.68359375 0.8078125 0.0984375 0.115625
8 0.59765625 0.96484375 0.1078125 0.0703125
8 0.76328125 0.95625 0.0703125 0.0875
8 0.42734375 0.77109375 0.0984375 0.125
8 0.59921875 0.65390625 0.1203125 0.1078125
8 0.90546875 0.90703125 0.10078125 0.14453125
8 0.41796875 0.98984375 0.0765625 0.0203125