6 0.24921875 0.190625 0.2171875 0.38125
6 0.5421875 0.05390625 0.15 0.1078125
6 0.72109375 0.06015625 0.1828125 0.1203125
6 0.76015625 0.48671875 0.2359375 0.3046875
6 0.5515625 0.48046875 0.184375 0.3171875
6 0.73203125 0.27734375 0.2328125 0.28359375
6 0.87265625 0.13125 0.146875 0.1703125
6 0.97109375 0.17109375 0.0578125 0.3421875
6 0.90703125 0.2953125 0.1828125 0.2140625
6 0.93125 0.4640625 0.1375 0.315625
6 0.8671875 0.02109375 0.159375 0.0421875
6 0.04140625 0.69375 0.0828125 0.109375
6 0.1328125 0.66875 0.1375 0.059375
6 0.7296875 0.81953125 0.540625 0.3609375