8 0.259375 0.259375 0.51875 0.51875
8 0.740625 0.22421875 0.4125 0.4484375
8 0.60234375 0.22265625 0.1671875 0.4453125
8 0.63671875 0.4453125 0.2359375 0.146875
8 0.8859375 0.45234375 0.228125 0.1328125
5 0.259375 0.68046875 0.51875 0.3234375
8 0.84453125 0.83125 0.0765625 0.0890625
8 0.76171875 0.76953125 0.1078125 0.11796875
8 0.85390625 0.725 0.084375 0.11328125
8 0.92421875 0.70625 0.0765625 0.08671875
8 0.93359375 0.79140625 0.103125 0.0765625
8 0.98984375 0.8515625 0.0203125 0.103125
8 0.69296875 0.9046875 0.0671875 0.0765625
8 0.6015625 0.896875 0.08203125 0.1078125
8 0.6765625 0.825 0.06953125 0.0671875
8 0.7859375 0.9359375 0.1078125 0.08203125
8 0.9109375 0.95 0.09375 0.08203125