6 0.52265625 0.33125 0.1109375 0.0375
6 0.29140625 0.05703125 0.0609375 0.1140625
6 0.83984375 0.175 0.3203125 0.35
6 0.33203125 0.74609375 0.2453125 0.3171875
6 0.04765625 0.8125 0.0953125 0.246875
6 0.08828125 0.55625 0.1765625 0.29375
6 0.5484375 0.896875 0.146875 0.20625
6 0.6453125 0.87890625 0.06875 0.2421875
6 0.16171875 0.73515625 0.11796875 0.19453125
6 0.41875 0.51171875 0.1390625 0.24765625
6 0.56484375 0.4296875 0.1640625 0.159375
6 0.6046875 0.57734375 0.15 0.2671875
6 0.83984375 0.6640625 0.3203125 0.628125