8 0.29140625 0.140625 0.1515625 0.13203125
8 0.32421875 0.25078125 0.1109375 0.1234375
8 0.13046875 0.14921875 0.11796875 0.16328125
8 0.75 0.2484375 0.303125 0.221875
8 0.85703125 0.11171875 0.1890625 0.2234375
8 0.571875 0.178125 0.24296875 0.31015625
8 0.9640625 0.15703125 0.071875 0.2578125
8 0.171875 0.6796875 0.34375 0.640625
8 0.71875 0.4453125 0.11796875 0.1203125
8 0.62890625 0.62578125 0.11328125 0.196875
8 0.7703125 0.77265625 0.12265625 0.09609375
8 0.821875 0.90234375 0.14921875 0.14921875
8 0.96328125 0.9359375 0.0734375 0.128125
8 0.85234375 0.72109375 0.12734375 0.16796875
8 0.7609375 0.63828125 0.11796875 0.1703125