6 0.2828125 0.0984375 0.190625 0.196875
6 0.0828125 0.22578125 0.165625 0.3703125
6 0.10546875 0.39765625 0.1734375 0.2640625
6 0.45390625 0.26796875 0.1296875 0.2765625
6 0.47265625 0.4640625 0.2109375 0.13125
6 0.63359375 0.09375 0.1109375 0.1875
6 0.66015625 0.27421875 0.0578125 0.1703125
6 0.84453125 0.28359375 0.3109375 0.4921875
8 0.3171875 0.5984375 0.459375 0.1375
8 0.31015625 0.7609375 0.18984375 0.259375
8 0.49296875 0.70703125 0.1734375 0.23046875
8 0.1421875 0.725 0.12734375 0.19453125
6 0.84453125 0.76484375 0.3109375 0.4703125