6 0.2421875 0.0359375 0.3 0.071875
6 0.59453125 0.06015625 0.1984375 0.1203125
6 0.9171875 0.19453125 0.165625 0.1609375
6 0.96953125 0.359375 0.0609375 0.2
6 0.6984375 0.2484375 0.20703125 0.1609375
6 0.8359375 0.321875 0.26171875 0.22578125
6 0.76171875 0.09609375 0.2453125 0.1921875
6 0.1875 0.56171875 0.1375 0.2046875
6 0.3671875 0.5859375 0.125 0.253125
6 0.08671875 0.6609375 0.1734375 0.340625
6 0.31171875 0.85 0.2359375 0.3
6 0.06953125 0.91640625 0.1390625 0.1671875
6 0.71484375 0.74765625 0.5703125 0.5046875