8 0.3609375 0.3578125 0.08203125 0.12734375
8 0.021875 0.48125 0.04375 0.1375
8 0.09453125 0.228125 0.071875 0.1109375
8 0.16796875 0.540625 0.1203125 0.01875
8 0.2765625 0.2546875 0.06953125 0.10546875
8 0.33828125 0.17265625 0.08671875 0.1875
8 0.59296875 0.24609375 0.2859375 0.4921875
8 0.9109375 0.25234375 0.178125 0.5046875
8 0.08671875 0.640625 0.11328125 0.0984375
8 0.0359375 0.69765625 0.071875 0.1296875
8 0.3109375 0.88359375 0.13671875 0.196875
8 0.39375 0.65 0.1125 0.15
8 0.3609375 0.5859375 0.15625 0.071875
8 0.23828125 0.64921875 0.11328125 0.13203125
8 0.06171875 0.975 0.1234375 0.05
8 0.02890625 0.86328125 0.0578125 0.1640625
8 0.146875 0.7609375 0.08671875 0.10078125
8 0.09609375 0.88984375 0.08671875 0.12265625
8 0.7421875 0.9015625 0.17578125 0.1875