8 0.16484375 0.1296875 0.3296875 0.259375
8 0.66484375 0.1296875 0.6703125 0.259375
8 0.2671875 0.35 0.125 0.18125
8 0.08828125 0.4015625 0.1765625 0.246875
8 0.0359375 0.396875 0.071875 0.275
8 0.05859375 0.8640625 0.1171875 0.271875
8 0.30078125 0.6921875 0.0578125 0.08125
8 0.8765625 0.74609375 0.18984375 0.2984375
8 0.7421875 0.534375 0.12265625 0.20703125
8 0.4609375 0.5328125 0.16328125 0.23046875
8 0.67578125 0.88984375 0.1484375 0.2203125
8 0.96328125 0.8421875 0.0734375 0.228125
8 0.95625 0.440625 0.0875 0.1625