6 0.27109375 0.209375 0.5421875 0.41875
6 0.8421875 0.1015625 0.14921875 0.13203125
6 0.628125 0.05390625 0.05625 0.1078125
6 0.97265625 0.34140625 0.0546875 0.1390625
6 0.828125 0.02265625 0.084375 0.0453125
6 0.74296875 0.02421875 0.0703125 0.0484375
6 0.66796875 0.26484375 0.103125 0.13203125
6 0.7546875 0.275 0.07421875 0.18984375
6 0.41953125 0.90390625 0.1265625 0.1921875
6 0.5609375 0.93046875 0.078125 0.1390625
6 0.18203125 0.91484375 0.1109375 0.1703125
6 0.6671875 0.625 0.134375 0.36875
6 0.8109375 0.48515625 0.253125 0.1328125
6 0.91796875 0.6890625 0.1640625 0.2125