7 0.55 0.2296875 0.178125 0.459375
7 0.36171875 0.17265625 0.1828125 0.3453125
7 0.24375 0.03046875 0.05625 0.0609375
7 0.10625 0.2296875 0.2125 0.459375
7 0.81953125 0.3875 0.3609375 0.14375
7 0.559375 0.96171875 0.159375 0.0765625
7 0.30390625 0.9140625 0.1703125 0.171875
7 0.28203125 0.7640625 0.0796875 0.09375
7 0.39140625 0.78828125 0.09375 0.0765625
7 0.54375 0.85546875 0.0671875 0.0765625
7 0.08125 0.92421875 0.1625 0.1515625
7 0.04375 0.715625 0.0875 0.1625
7 0.81953125 0.7296875 0.3609375 0.540625