6 0.11796875 0.54921875 0.1078125 0.1015625
6 0.1421875 0.31796875 0.06015625 0.1109375
6 0.25234375 0.053125 0.0671875 0.10625
6 0.39453125 0.23359375 0.071875 0.14453125
6 0.4109375 0.4390625 0.11796875 0.11328125
6 0.39609375 0.5671875 0.0578125 0.065625
6 0.0375 0.2796875 0.0453125 0.08203125
6 0.05078125 0.4359375 0.0796875 0.103125
6 0.25546875 0.54609375 0.0859375 0.1078125
6 0.115625 0.08203125 0.071875 0.10546875
6 0.7125 0.05078125 0.2125 0.1015625
6 0.91015625 0.0515625 0.1796875 0.103125
6 0.8921875 0.21484375 0.15390625 0.17578125
6 0.68359375 0.2109375 0.19921875 0.18046875
6 0.5359375 0.20546875 0.071875 0.1609375
6 0.5484375 0.4078125 0.096875 0.18125
6 0.725 0.40390625 0.2359375 0.134375
6 0.9234375 0.42265625 0.134375 0.1609375
6 0.5453125 0.5671875 0.090625 0.065625
6 0.7140625 0.55625 0.2125 0.0875
6 0.9109375 0.5734375 0.178125 0.053125
6 0.25 0.79140625 0.5 0.3828125
6 0.8515625 0.8 0.296875 0.4