6 0.2078125 0.13125 0.0671875 0.07421875
6 0.17421875 0.31875 0.2140625 0.121875
6 0.71953125 0.18984375 0.5609375 0.3796875
6 0.11640625 0.57265625 0.20703125 0.165625
6 0.24765625 0.421875 0.0828125 0.084375
6 0.334375 0.43515625 0.115625 0.1109375
6 0.409375 0.43359375 0.059375 0.0890625
6 0.42578125 0.5546875 0.0265625 0.096875
6 0.3953125 0.6484375 0.0875 0.146875
6 0.634375 0.521875 0.390625 0.284375
6 0.53515625 0.74765625 0.1921875 0.3421875
6 0.740625 0.784375 0.303125 0.33671875
6 0.9578125 0.74609375 0.084375 0.2609375