7 0.0984375 0.29453125 0.196875 0.1078125
7 0.06015625 0.10546875 0.1203125 0.2109375
7 0.2453125 0.14921875 0.0765625 0.103125
7 0.253125 0.37578125 0.11796875 0.13671875
7 0.88984375 0.3078125 0.1828125 0.44375
7 0.77421875 0.2890625 0.05546875 0.2046875
7 0.61953125 0.36171875 0.2421875 0.3359375
7 0.43359375 0.34375 0.1671875 0.371875
7 0.215625 0.84765625 0.26875 0.3046875
6 0.68203125 0.76484375 0.2859375 0.4703125
6 0.88828125 0.57421875 0.2234375 0.0890625
6 0.90234375 0.71015625 0.1953125 0.3609375
6 0.634375 0.8015625 0.553125 0.396875
6 0.478125 0.8453125 0.25625 0.309375