8 0.234375 0.084375 0.06875 0.125
8 0.18046875 0.46640625 0.0921875 0.1453125
8 0.11640625 0.26796875 0.1078125 0.1734375
8 0.01015625 0.315625 0.0203125 0.125
8 0.85390625 0.484375 0.1515625 0.109375
8 0.9171875 0.275 0.165625 0.2375
8 0.3921875 0.2515625 0.18515625 0.18984375
8 0.52421875 0.06171875 0.1171875 0.1234375
8 0.64453125 0.0734375 0.1421875 0.146875
8 0.54609375 0.3828125 0.14921875 0.1828125
8 0.3140625 0.51328125 0.090625 0.0515625
5 0.09140625 0.69765625 0.1828125 0.3171875
5 0.134375 0.70859375 0.26875 0.3390625
8 0.746875 0.5828125 0.15625 0.0875
8 0.5140625 0.61875 0.16875 0.159375
8 0.59921875 0.6625 0.1671875 0.246875