5 0.4921875 0.40859375 0.215625 0.1828125
5 0.321875 0.26484375 0.24765625 0.12265625
5 0.55546875 0.0921875 0.0890625 0.096875
5 0.08046875 0.24296875 0.12734375 0.1109375
5 0.16015625 0.4421875 0.2234375 0.115625
5 0.9515625 0.3796875 0.09609375 0.11796875
5 0.628125 0.078125 0.05625 0.15
5 0.71015625 0.06171875 0.0578125 0.09140625
5 0.8375 0.2484375 0.0890625 0.1390625
5 0.8890625 0.47578125 0.084375 0.0484375
5 0.6453125 0.32734375 0.0765625 0.09140625
5 0.28359375 0.75 0.5671875 0.5
5 0.84453125 0.8171875 0.13671875 0.13671875
5 0.8828125 0.9671875 0.234375 0.065625
5 0.665625 0.82578125 0.13125 0.0734375
5 0.98359375 0.746875 0.0328125 0.0875