8 0.7265625 0.03203125 0.175 0.0640625
8 0.9859375 0.42890625 0.028125 0.1171875
8 0.946875 0.22265625 0.10625 0.0984375
8 0.43046875 0.04296875 0.0421875 0.0859375
8 0.45078125 0.21953125 0.0828125 0.1140625
8 0.49296875 0.35390625 0.08203125 0.09609375
5 0.065625 0.81796875 0.13125 0.3640625
5 0.2046875 0.553125 0.409375 0.10625
8 0.7578125 0.725 0.25 0.2140625
8 0.54609375 0.621875 0.2015625 0.24375
8 0.5265625 0.86953125 0.225 0.2609375
8 0.80703125 0.928125 0.1109375 0.14375
8 0.45390625 0.53984375 0.0890625 0.0796875