7 0.46796875 0.21015625 0.15625 0.21875
7 0.21015625 0.21015625 0.18515625 0.228125
7 0.2640625 0.0703125 0.16875 0.140625
7 0.06875 0.1984375 0.1375 0.25
7 0.03515625 0.41484375 0.0703125 0.2390625
7 0.065625 0.54296875 0.13125 0.0734375
7 0.19453125 0.53671875 0.1453125 0.0859375
7 0.1265625 0.409375 0.1609375 0.23046875
7 0.26484375 0.40703125 0.1390625 0.2453125
7 0.33203125 0.53828125 0.1515625 0.0828125
7 0.46953125 0.53828125 0.1453125 0.0828125
7 0.525 0.43046875 0.15 0.2890625
7 0.52578125 0.06171875 0.1484375 0.1234375
7 0.56328125 0.20234375 0.0734375 0.2578125
7 0.03359375 0.05546875 0.0671875 0.1109375
7 0.91328125 0.325 0.0890625 0.25234375
7 0.8109375 0.34375 0.06953125 0.18046875
7 0.7203125 0.20078125 0.05078125 0.125
7 0.621875 0.29296875 0.04375 0.1671875
7 0.46875 0.80390625 0.2625 0.3921875
7 0.865625 0.609375 0.1875 0.059375
7 0.75 0.803125 0.2671875 0.24765625