6 0.02421875 0.14375 0.0484375 0.278125
6 0.08984375 0.11015625 0.1328125 0.2203125
6 0.18359375 0.24140625 0.1328125 0.2359375
6 0.36328125 0.23203125 0.2015625 0.2546875
6 0.10859375 0.30859375 0.2140625 0.1015625
6 0.54453125 0.18828125 0.1703125 0.2203125
6 0.55390625 0.31484375 0.1515625 0.0890625
6 0.81484375 0.1765625 0.3703125 0.353125
6 0.54921875 0.565625 0.1609375 0.4125
6 0.2296875 0.59765625 0.459375 0.4765625
6 0.1984375 0.8515625 0.396875 0.296875
6 0.4765625 0.778125 0.30625 0.321875
6 0.81484375 0.7125 0.3703125 0.575
6 0.9453125 0.478125 0.109375 0.2375