6 0.26484375 0.303125 0.5296875 0.353125
6 0.590625 0.11953125 0.0625 0.0890625
6 0.921875 0.23671875 0.0578125 0.08671875
6 0.97890625 0.23828125 0.0421875 0.0796875
6 0.3796875 0.625 0.10078125 0.19921875
6 0.04921875 0.88984375 0.0984375 0.2171875
6 0.275 0.52109375 0.103125 0.0828125
6 0.1890625 0.53984375 0.075 0.1203125
6 0.21328125 0.77421875 0.0984375 0.196875
6 0.09609375 0.7140625 0.1203125 0.14453125
6 0.453125 0.878125 0.153125 0.209375
6 0.34453125 0.8453125 0.10546875 0.15625
6 0.76484375 0.73984375 0.4703125 0.5203125