6 0.1125 0.11875 0.1875 0.2375
6 0.1484375 0.31171875 0.184375 0.2140625
6 0.28125 0.26640625 0.125 0.28828125
6 0.36953125 0.36796875 0.1265625 0.1015625
6 0.54140625 0.35859375 0.1921875 0.1203125
6 0.625 0.12109375 0.209375 0.2421875
6 0.7296875 0.1125 0.040625 0.225
6 0.44296875 0.03203125 0.1890625 0.0640625
6 0.23046875 0.07421875 0.1921875 0.1484375
6 0.69140625 0.34609375 0.1171875 0.1453125
6 0.875 0.209375 0.25 0.41875
6 0.58203125 0.815625 0.1609375 0.36875
6 0.69921875 0.55078125 0.1015625 0.2640625
6 0.515625 0.49453125 0.196875 0.1515625
6 0.23359375 0.4578125 0.2328125 0.078125
6 0.26328125 0.73984375 0.1078125 0.22578125
6 0.875 0.64296875 0.25 0.4484375