5 0.3875 0.1625 0.184375 0.3125
5 0.17734375 0.1671875 0.1421875 0.303125
8 0.68671875 0.17421875 0.2828125 0.2890625
8 0.90390625 0.159375 0.1921875 0.31875
8 0.82421875 0.028125 0.2828125 0.05625
8 0.64453125 0.0421875 0.2390625 0.084375
8 0.54921875 0.171875 0.1390625 0.24375
8 0.3515625 0.33359375 0.115625 0.0296875
8 0.26484375 0.465625 0.1109375 0.18984375
8 0.40078125 0.60703125 0.11796875 0.09609375
8 0.428125 0.73125 0.103125 0.14375
8 0.4484375 0.55703125 0.0625 0.1609375
8 0.390625 0.4765625 0.115625 0.165625
8 0.73984375 0.659375 0.5203125 0.68125