6 0.234375 0.29453125 0.46875 0.5890625
6 0.55078125 0.46328125 0.1640625 0.2515625
6 0.53984375 0.221875 0.1421875 0.3375
6 0.70625 0.19296875 0.22109375 0.3078125
6 0.94140625 0.475 0.1171875 0.228125
6 0.828125 0.49921875 0.159375 0.1796875
6 0.68828125 0.44765625 0.1421875 0.2828125
6 0.24140625 0.79453125 0.4546875 0.4109375
6 0.90234375 0.9453125 0.1609375 0.109375
6 0.984375 0.80859375 0.03125 0.2671875
6 0.8359375 0.709375 0.196875 0.240625
6 0.56953125 0.67265625 0.2015625 0.1671875
6 0.58359375 0.94296875 0.1078125 0.1140625