6 0.19375 0.33203125 0.3875 0.4359375
6 0.384375 0.5046875 0.33125 0.090625
6 0.44765625 0.1640625 0.2046875 0.328125
6 0.10703125 0.13203125 0.2140625 0.2640625
8 0.5734375 0.21484375 0.046875 0.1265625
8 0.640625 0.0234375 0.053125 0.046875
8 0.56953125 0.42109375 0.0390625 0.1421875
8 0.85390625 0.534375 0.1421875 0.03125
8 0.91796875 0.42734375 0.1078125 0.12265625
8 0.7515625 0.246875 0.06953125 0.06484375
8 0.8203125 0.23984375 0.0578125 0.1203125
8 0.87421875 0.2078125 0.09375 0.09609375
8 0.97734375 0.021875 0.0453125 0.04375
8 0.76875 0.03828125 0.08125 0.0765625
8 0.68359375 0.10546875 0.08203125 0.084375
8 0.60859375 0.10390625 0.09140625 0.134375
6 0.27109375 0.78046875 0.5421875 0.4390625
8 0.7734375 0.67890625 0.446875 0.2578125
8 0.759375 0.8859375 0.190625 0.228125
8 0.928125 0.846875 0.14375 0.23125
8 0.60234375 0.86484375 0.1046875 0.1953125