6 0.190625 0.096875 0.128125 0.19375
6 0.45234375 0.1875 0.0734375 0.253125
6 0.553125 0.015625 0.128125 0.03125
6 0.6265625 0.159375 0.10078125 0.19921875
6 0.95390625 0.36171875 0.0921875 0.0953125
6 0.7296875 0.04765625 0.103125 0.0953125
6 0.81796875 0.065625 0.0734375 0.13125
6 0.79453125 0.3078125 0.0984375 0.19921875
6 0.9125 0.2484375 0.1203125 0.14453125
6 0.559375 0.359375 0.140625 0.1
6 0.66015625 0.35390625 0.1078125 0.1109375
8 0.81015625 0.50859375 0.3140625 0.1984375
8 0.64609375 0.74765625 0.3140625 0.5046875