7 0.121875 0.21171875 0.24375 0.2984375
7 0.11484375 0.50078125 0.2296875 0.1765625
7 0.4171875 0.31484375 0.053125 0.26953125
7 0.74140625 0.15234375 0.0484375 0.18984375
7 0.865625 0.12578125 0.084375 0.2515625
7 0.7546875 0.42578125 0.04296875 0.2953125
7 0.91484375 0.46640625 0.13203125 0.2015625
7 0.6296875 0.4359375 0.1515625 0.29296875
7 0.3265625 0.2 0.034375 0.39375
7 0.059375 0.79453125 0.11875 0.4109375
7 0.2171875 0.8859375 0.184375 0.228125
7 0.8546875 0.88984375 0.290625 0.2203125
7 0.52734375 0.79453125 0.4359375 0.4109375