6 0.23515625 0.2015625 0.27421875 0.28828125
6 0.34765625 0.06484375 0.1546875 0.1296875
6 0.52890625 0.0421875 0.1703125 0.084375
6 0.45234375 0.13125 0.1890625 0.2625
6 0.45546875 0.36953125 0.14921875 0.2984375
6 0.29453125 0.41328125 0.22578125 0.18984375
6 0.06015625 0.37890625 0.1203125 0.2484375
6 0.10703125 0.46484375 0.1890625 0.1484375
6 0.06171875 0.06171875 0.1234375 0.1234375
6 0.15625 0.05859375 0.134375 0.1171875
6 0.6171875 0.18125 0.103125 0.24375
6 0.58359375 0.3796875 0.15859375 0.271875
6 0.59296875 0.47734375 0.1515625 0.1234375
7 0.78984375 0.1390625 0.15859375 0.0796875
7 0.6953125 0.12578125 0.053125 0.0984375
7 0.7359375 0.40625 0.134375 0.10625
7 0.82578125 0.5234375 0.1109375 0.03125
7 0.85234375 0.29765625 0.1421875 0.08671875
7 0.8578125 0.01875 0.16875 0.0375
6 0.60390625 0.78984375 0.1296875 0.4203125
6 0.50703125 0.890625 0.3234375 0.21875
6 0.30546875 0.93515625 0.6109375 0.1296875
7 0.725 0.76953125 0.1125 0.4609375