7 0.5 0.04765625 0.159375 0.0953125
7 0.34765625 0.05625 0.1859375 0.1125
7 0.18515625 0.05390625 0.1765625 0.1078125
7 0.4953125 0.26640625 0.16875 0.3890625
7 0.3421875 0.26796875 0.16796875 0.37734375
7 0.18125 0.2671875 0.16328125 0.3890625
7 0.05625 0.27265625 0.1125 0.3734375
7 0.81328125 0.275 0.3734375 0.55
7 0.19140625 0.87265625 0.3828125 0.2546875
7 0.4625 0.8484375 0.234375 0.303125
7 0.37109375 0.6515625 0.3578125 0.203125
7 0.11875 0.66171875 0.2375 0.2234375
6 0.8765625 0.775 0.246875 0.45