6 0.4078125 0.22890625 0.09140625 0.09140625
6 0.47734375 0.31328125 0.103125 0.11796875
6 0.5546875 0.15234375 0.0796875 0.12265625
6 0.54375 0.24140625 0.084375 0.0671875
6 0.6421875 0.2859375 0.1078125 0.1296875
6 0.59453125 0.453125 0.084375 0.14921875
6 0.4640625 0.49453125 0.10078125 0.09609375
6 0.36015625 0.48125 0.0671875 0.0765625
6 0.26015625 0.44765625 0.0671875 0.1296875
6 0.1859375 0.46875 0.0890625 0.09609375
6 0.1484375 0.2625 0.09375 0.13671875
6 0.07109375 0.22890625 0.13671875 0.1109375
6 0.2421875 0.06328125 0.153125 0.1265625
6 0.39609375 0.075 0.05546875 0.0796875
6 0.4609375 0.04921875 0.084375 0.0984375
6 0.6234375 0.11484375 0.10078125 0.1078125
6 0.6765625 0.4375 0.046875 0.053125
6 0.39453125 0.63046875 0.15390625 0.09140625
6 0.3 0.6140625 0.0890625 0.1109375
6 0.24921875 0.54921875 0.07421875 0.1109375
6 0.190625 0.55703125 0.06015625 0.14921875
6 0.1109375 0.5203125 0.0984375 0.10078125
6 0.30234375 0.18203125 0.071875 0.0625
8 0.86015625 0.6109375 0.2765625 0.25625
8 0.7953125 0.309375 0.190625 0.61875
6 0.38828125 0.86953125 0.6078125 0.2609375
8 0.77734375 0.7953125 0.1546875 0.1125
8 0.96328125 0.86953125 0.0734375 0.2609375