8 0.1921875 0.4359375 0.10078125 0.1828125
8 0.23203125 0.54765625 0.0890625 0.0421875
8 0.359375 0.228125 0.0625 0.13671875
8 0.15234375 0.0328125 0.0640625 0.065625
8 0.0453125 0.2921875 0.090625 0.10625
8 0.46171875 0.28046875 0.0640625 0.2484375
8 0.74453125 0.253125 0.18515625 0.19921875
8 0.94921875 0.08671875 0.1015625 0.1734375
8 0.90703125 0.4890625 0.1859375 0.159375
8 0.125 0.87578125 0.25 0.2484375
8 0.34140625 0.9140625 0.1765625 0.171875
8 0.31171875 0.7515625 0.2359375 0.24375
5 0.60390625 0.61328125 0.1703125 0.0890625
5 0.590625 0.759375 0.11328125 0.1734375
5 0.46328125 0.81640625 0.0671875 0.2109375
5 0.90703125 0.884375 0.1828125 0.23125
5 0.78515625 0.6484375 0.1328125 0.159375
5 0.64921875 0.9640625 0.1453125 0.071875
5 0.72421875 0.828125 0.14921875 0.1109375
5 0.91796875 0.6671875 0.13671875 0.14921875