8 0.34296875 0.49375 0.0453125 0.0625
8 0.5625 0.08828125 0.0453125 0.06015625
8 0.278125 0.1890625 0.05078125 0.05078125
8 0.14453125 0.5140625 0.03359375 0.0453125
8 0.08046875 0.45625 0.0453125 0.0453125
8 0.07109375 0.02734375 0.0578125 0.0546875
8 0.7875 0.11484375 0.115625 0.2296875
8 0.3953125 0.90625 0.25 0.1875
8 0.60625 0.80703125 0.19921875 0.26171875
8 0.62109375 0.965625 0.2171875 0.06875
8 0.56328125 0.68203125 0.1578125 0.0859375
8 0.690625 0.70859375 0.078125 0.1390625
5 0.86484375 0.81953125 0.2703125 0.3609375