6 0.0234375 0.146875 0.046875 0.165625
6 0.6828125 0.14609375 0.0875 0.1921875
6 0.746875 0.40625 0.215625 0.30625
6 0.9015625 0.3640625 0.196875 0.24375
6 0.8921875 0.51015625 0.215625 0.0984375
6 0.8828125 0.07578125 0.234375 0.1515625
6 0.71796875 0.05234375 0.1578125 0.1046875
8 0.47890625 0.92109375 0.3203125 0.1578125
8 0.34453125 0.7625 0.2234375 0.33203125
8 0.15859375 0.8453125 0.3171875 0.309375
8 0.5015625 0.70078125 0.275 0.2828125
8 0.10390625 0.6234375 0.1421875 0.128125
6 0.790625 0.9265625 0.303125 0.146875
6 0.8484375 0.8390625 0.303125 0.321875