6 0.225 0.3625 0.15625 0.228125
6 0.10703125 0.56953125 0.2140625 0.1390625
6 0.05859375 0.33828125 0.1171875 0.2453125
6 0.375 0.44765625 0.21875 0.259375
6 0.4 0.1265625 0.1625 0.253125
6 0.8 0.31953125 0.4 0.6390625
6 0.4859375 0.81953125 0.228125 0.3609375
6 0.1625 0.81953125 0.325 0.3609375
6 0.65859375 0.78515625 0.1171875 0.2828125
6 0.8265625 0.7875 0.19375 0.296875
6 0.64140625 0.88515625 0.0828125 0.2296875
6 0.703125 0.946875 0.125 0.10625
6 0.8296875 0.9828125 0.178125 0.034375
6 0.95859375 0.72578125 0.0828125 0.1734375
6 0.96875 0.88828125 0.0625 0.2046875
6 0.9515625 0.9515625 0.096875 0.096875