8 0.45234375 0.44921875 0.1328125 0.5234375
8 0.390625 0.225 0.25625 0.45
8 0.25859375 0.5390625 0.4109375 0.440625
8 0.68515625 0.28671875 0.1421875 0.28359375
8 0.96953125 0.10703125 0.0609375 0.2140625
8 0.95390625 0.36171875 0.0921875 0.3859375
8 0.8609375 0.65625 0.121875 0.20625
8 0.8328125 0.39453125 0.11328125 0.20703125
8 0.8859375 0.08125 0.125 0.1421875
8 0.759375 0.146875 0.1109375 0.17578125
8 0.7359375 0.06328125 0.146875 0.1265625
8 0.55 0.0578125 0.0625 0.115625
8 0.540625 0.58984375 0.04375 0.2609375
8 0.63515625 0.640625 0.1046875 0.2375
8 0.41640625 0.96328125 0.1328125 0.0734375
8 0.7484375 0.8140625 0.228125 0.109375
8 0.825 0.96171875 0.25 0.0765625