8 0.09609375 0.45078125 0.09609375 0.10078125
8 0.0390625 0.090625 0.078125 0.0875
8 0.24609375 0.2296875 0.10078125 0.09609375
8 0.49453125 0.1109375 0.06953125 0.07421875
8 0.59921875 0.2265625 0.0671875 0.11796875
8 0.1546875 0.12421875 0.0796875 0.10078125
8 0.0421875 0.25234375 0.084375 0.1234375
8 0.0125 0.478125 0.025 0.121875
8 0.67734375 0.13515625 0.0546875 0.2265625
8 0.51328125 0.59609375 0.2734375 0.1140625
8 0.3484375 0.8390625 0.24296875 0.29296875
8 0.4578125 0.95234375 0.196875 0.0953125
8 0.19765625 0.971875 0.2390625 0.05625
8 0.825 0.76953125 0.35 0.4609375