8 0.23828125 0.19140625 0.4015625 0.3828125
8 0.73828125 0.36640625 0.25 0.35546875
8 0.66484375 0.04921875 0.2140625 0.0984375
8 0.93828125 0.14296875 0.1234375 0.2671875
8 0.8203125 0.04453125 0.175 0.0890625
8 0.5265625 0.10859375 0.175 0.2171875
8 0.52578125 0.3859375 0.1734375 0.25
8 0.9203125 0.38515625 0.159375 0.3140625
8 0.1546875 0.6890625 0.115625 0.084375
8 0.40546875 0.88125 0.0671875 0.096875
8 0.35 0.83359375 0.12734375 0.1109375
8 0.3140625 0.6234375 0.115625 0.128125
8 0.16171875 0.92734375 0.06484375 0.10078125
8 0.7453125 0.753125 0.1421875 0.28125
8 0.93828125 0.8375 0.1234375 0.325
8 0.56328125 0.659375 0.1671875 0.2