8 0.51015625 0.26796875 0.1203125 0.4390625
8 0.71484375 0.0984375 0.3296875 0.196875
8 0.9171875 0.11171875 0.165625 0.2234375
8 0.40234375 0.61015625 0.0953125 0.2203125
8 0.390625 0.78125 0.11875 0.175
8 0.2875 0.70625 0.1921875 0.2546875
8 0.30703125 0.92734375 0.1421875 0.1453125
8 0.40234375 0.91796875 0.0953125 0.1640625
8 0.71796875 0.71484375 0.13671875 0.2765625
8 0.47578125 0.7875 0.0515625 0.378125
8 0.57421875 0.81953125 0.1109375 0.2015625
8 0.52109375 0.54140625 0.1234375 0.0828125
8 0.64609375 0.58203125 0.1078125 0.1640625
8 0.66796875 0.5296875 0.1421875 0.059375
8 0.86875 0.52421875 0.10625 0.0484375
8 0.88046875 0.94140625 0.0890625 0.1171875
8 0.765625 0.971875 0.103125 0.05625