6 0.584375 0.3359375 0.109375 0.184375
6 0.140625 0.303125 0.184375 0.29375
6 0.365625 0.24609375 0.25 0.18984375
6 0.55 0.18671875 0.178125 0.2140625
6 0.765625 0.1890625 0.253125 0.378125
6 0.8828125 0.30625 0.234375 0.2875
6 0.93125 0.14140625 0.1375 0.2828125
6 0.51875 0.91953125 0.159375 0.1609375
6 0.02890625 0.95234375 0.0578125 0.0953125
6 0.1109375 0.76875 0.071875 0.14921875
6 0.521875 0.71953125 0.084375 0.11796875
6 0.60078125 0.6984375 0.06015625 0.103125
6 0.03203125 0.71171875 0.0640625 0.1296875
6 0.23828125 0.69921875 0.0984375 0.11328125
6 0.81953125 0.8078125 0.3609375 0.384375