8 0.2046875 0.24453125 0.409375 0.4890625
8 0.7796875 0.3515625 0.303125 0.275
8 0.8875 0.17421875 0.18984375 0.25234375
8 0.6015625 0.2546875 0.24296875 0.31015625
8 0.45625 0.3875 0.09375 0.203125
8 0.6078125 0.059375 0.165625 0.11875
8 0.97265625 0.4359375 0.0546875 0.10625
5 0.2046875 0.72734375 0.409375 0.4765625
8 0.50859375 0.8640625 0.1546875 0.271875
8 0.51015625 0.7265625 0.165625 0.22109375
8 0.42578125 0.64921875 0.0328125 0.1703125
8 0.79296875 0.7328125 0.10546875 0.1390625
8 0.9296875 0.634375 0.125 0.2328125
8 0.73671875 0.6609375 0.13203125 0.14921875