6 0.44765625 0.4390625 0.1078125 0.140625
6 0.47265625 0.1859375 0.06015625 0.1109375
6 0.253125 0.23046875 0.0578125 0.0984375
6 0.365625 0.14609375 0.0453125 0.084375
6 0.37890625 0.3046875 0.08203125 0.10546875
6 0.2890625 0.46640625 0.0625 0.0859375
6 0.61796875 0.21171875 0.14921875 0.2640625
6 0.79609375 0.26015625 0.1828125 0.19453125
6 0.80703125 0.43984375 0.2328125 0.1390625
6 0.93671875 0.36640625 0.1265625 0.1703125
6 0.9453125 0.46640625 0.109375 0.0859375
6 0.925 0.06875 0.15 0.1375
6 0.93125 0.18984375 0.1375 0.1765625
6 0.21015625 0.6375 0.4203125 0.25625
6 0.10859375 0.83828125 0.2171875 0.3234375
6 0.32734375 0.8578125 0.3078125 0.284375
6 0.73984375 0.721875 0.4203125 0.425