5 0.2 0.359375 0.4 0.71875
8 0.42578125 0.146875 0.0515625 0.128125
8 0.52421875 0.1875 0.071875 0.07421875
8 0.528125 0.4671875 0.0671875 0.115625
8 0.62890625 0.4375 0.0796875 0.134375
8 0.94765625 0.6546875 0.0578125 0.09609375
8 0.42109375 0.596875 0.0421875 0.10625
8 0.2453125 0.8765625 0.084375 0.17578125
8 0.34765625 0.946875 0.1046875 0.10625
8 0.73046875 0.859375 0.3390625 0.28125
8 0.46328125 0.859375 0.1265625 0.28125
8 0.92109375 0.8625 0.1578125 0.275
8 0.690625 0.959375 0.303125 0.08125