6 0.21796875 0.37890625 0.4359375 0.4015625
6 0.74609375 0.278125 0.18515625 0.20703125
6 0.57109375 0.4046875 0.1234375 0.35
6 0.58359375 0.5140625 0.1484375 0.13125
6 0.9109375 0.44765625 0.125 0.2640625
6 0.81171875 0.0765625 0.1078125 0.1203125
6 0.62265625 0.07109375 0.1953125 0.1421875
6 0.5765625 0.14609375 0.1203125 0.13203125
6 0.24453125 0.76171875 0.18984375 0.209375
6 0.0640625 0.85546875 0.128125 0.2890625
6 0.07734375 0.96796875 0.1546875 0.0640625
6 0.41484375 0.90078125 0.1265625 0.1984375
6 0.3125 0.596875 0.1125 0.034375
6 0.11796875 0.60078125 0.2015625 0.0421875
6 0.0703125 0.6359375 0.125 0.1125
6 0.82109375 0.78984375 0.3578125 0.4203125