7 0.25 0.19453125 0.5 0.3890625
6 0.96328125 0.1484375 0.0734375 0.23125
6 0.88984375 0.371875 0.0796875 0.034375
6 0.578125 0.36640625 0.15625 0.0453125
6 0.96015625 0.3484375 0.0765625 0.08125
7 0.44296875 0.64765625 0.1140625 0.4171875
7 0.2640625 0.634375 0.21171875 0.48828125
7 0.0703125 0.67421875 0.140625 0.3921875
7 0.4578125 0.92265625 0.084375 0.0796875
7 0.2703125 0.93359375 0.23046875 0.09609375
7 0.0703125 0.93671875 0.140625 0.0921875
7 0.61171875 0.88359375 0.2234375 0.2328125
7 0.85234375 0.85234375 0.2421875 0.2953125