6 0.16953125 0.175 0.3390625 0.35
6 0.49609375 0.09296875 0.1140625 0.1859375
6 0.75078125 0.1 0.1671875 0.2
6 0.73984375 0.2984375 0.1609375 0.103125
6 0.0828125 0.678125 0.165625 0.4375
6 0.31328125 0.78984375 0.1109375 0.2859375
6 0.2828125 0.4171875 0.10625 0.134375
6 0.7171875 0.66328125 0.21640625 0.521875
6 0.396875 0.771875 0.05625 0.371875
6 0.534375 0.78203125 0.1921875 0.30546875
6 0.51171875 0.5296875 0.22578125 0.290625
6 0.90078125 0.60078125 0.1984375 0.3890625
6 0.9109375 0.88125 0.178125 0.2375
6 0.65625 0.95859375 0.365625 0.0828125
6 0.84453125 0.4 0.3109375 0.1
6 0.5453125 0.37421875 0.353125 0.0484375