8 0.146875 0.4328125 0.284375 0.30625
8 0.11640625 0.0703125 0.1609375 0.140625
8 0.22890625 0.1234375 0.1109375 0.1703125
8 0.0546875 0.10859375 0.0796875 0.15390625
8 0.33125 0.02265625 0.084375 0.0453125
8 0.33125 0.1546875 0.084375 0.14375
8 0.51484375 0.05390625 0.0734375 0.1078125
8 0.47734375 0.18203125 0.0765625 0.09140625
8 0.55859375 0.3984375 0.103125 0.1609375
8 0.675 0.4234375 0.08671875 0.11328125
8 0.57890625 0.25 0.0796875 0.11328125
8 0.22734375 0.6609375 0.1234375 0.084375
8 0.859375 0.73203125 0.08671875 0.08203125
8 0.7796875 0.7234375 0.04296875 0.0671875
8 0.7890625 0.86484375 0.06484375 0.0625
8 0.93828125 0.83515625 0.0625 0.084375
8 0.42890625 0.78359375 0.0484375 0.1203125
8 0.38046875 0.9015625 0.09140625 0.14921875
8 0.546875 0.8796875 0.05546875 0.115625
8 0.56640625 0.9609375 0.0734375 0.078125