6 0.29609375 0.034375 0.1984375 0.06875
6 0.13515625 0.440625 0.2640625 0.2640625
7 0.58515625 0.41484375 0.3109375 0.3890625
7 0.97109375 0.3140625 0.0578125 0.353125
7 0.6078125 0.18828125 0.34140625 0.36328125
7 0.20703125 0.8921875 0.1984375 0.215625
6 0.94296875 0.634375 0.0703125 0.05
6 0.9484375 0.67890625 0.103125 0.0796875
6 0.953125 0.925 0.09375 0.15
6 0.73203125 0.80234375 0.12265625 0.1421875
6 0.6890625 0.9515625 0.125 0.096875
6 0.87265625 0.76015625 0.09609375 0.1421875
6 0.459375 0.6796875 0.059375 0.140625
6 0.459375 0.84375 0.059375 0.15
6 0.46953125 0.97421875 0.0796875 0.0515625