8 0.321875 0.53125 0.2 0.175
8 0.5046875 0.15703125 0.128125 0.1828125
8 0.37890625 0.225 0.178125 0.271875
8 0.159375 0.12578125 0.10078125 0.2046875
8 0.07421875 0.24453125 0.1390625 0.1515625
8 0.06953125 0.55234375 0.1390625 0.1265625
8 0.753125 0.571875 0.334375 0.09375
8 0.7109375 0.15703125 0.18046875 0.16796875
8 0.79453125 0.47578125 0.2421875 0.2859375
8 0.95703125 0.42109375 0.0859375 0.3265625
8 0.50625 0.67109375 0.1 0.1046875
8 0.2859375 0.90234375 0.0578125 0.09609375
8 0.08984375 0.83671875 0.0453125 0.09375
8 0.53828125 0.9734375 0.0609375 0.053125
8 0.69140625 0.81953125 0.12265625 0.1921875
8 0.9359375 0.66484375 0.103125 0.0921875
8 0.821875 0.8890625 0.11328125 0.1609375
8 0.7671875 0.96953125 0.1 0.0609375
8 0.61796875 0.96953125 0.0984375 0.0609375
8 0.58359375 0.92109375 0.0296875 0.1265625
8 0.67734375 0.67890625 0.1453125 0.1203125