8 0.6046875 0.31796875 0.06875 0.1234375
8 0.30546875 0.234375 0.18984375 0.2546875
8 0.71015625 0.03359375 0.1421875 0.0671875
8 0.94296875 0.18671875 0.1140625 0.1796875
8 0.590625 0.5890625 0.096875 0.121875
8 0.15 0.6203125 0.10546875 0.1390625
8 0.3890625 0.765625 0.1609375 0.16796875
8 0.328125 0.4875 0.0765625 0.1296875
8 0.02890625 0.89453125 0.0578125 0.1671875
8 0.55703125 0.94453125 0.1390625 0.1109375
8 0.3609375 0.9671875 0.125 0.065625
8 0.57265625 0.7796875 0.07421875 0.09375
8 0.13203125 0.4359375 0.0765625 0.1109375
8 0.771875 0.6375 0.19453125 0.38203125
8 0.91171875 0.74375 0.1765625 0.378125
8 0.7359375 0.89765625 0.19375 0.2046875