6 0.259375 0.27109375 0.51875 0.5421875
6 0.76484375 0.0375 0.2765625 0.075
6 0.97890625 0.10859375 0.0421875 0.2171875
6 0.98203125 0.37734375 0.0359375 0.1109375
6 0.63828125 0.421875 0.165625 0.2546875
6 0.8 0.4171875 0.084375 0.17578125
8 0.24765625 0.72734375 0.1578125 0.2765625
8 0.03671875 0.82265625 0.0734375 0.2796875
8 0.3953125 0.903125 0.209375 0.19375
6 0.8078125 0.6296875 0.0765625 0.0578125
6 0.7140625 0.79375 0.06953125 0.06015625
6 0.5546875 0.87734375 0.071875 0.08203125
6 0.86484375 0.7234375 0.07421875 0.08671875