6 0.1375 0.2296875 0.275 0.459375
6 0.409375 0.23359375 0.240625 0.3890625
6 0.353125 0.04453125 0.3375 0.0890625
6 0.76484375 0.16015625 0.4703125 0.3203125
8 0.0484375 0.596875 0.0890625 0.1296875
8 0.16640625 0.54296875 0.084375 0.12265625
8 0.2671875 0.5453125 0.08671875 0.1296875
8 0.46953125 0.8125 0.1203125 0.18125
8 0.37421875 0.66953125 0.10078125 0.1390625
8 0.31328125 0.86015625 0.09375 0.1703125
8 0.0328125 0.8984375 0.065625 0.184375
6 0.6484375 0.59609375 0.09140625 0.13203125
6 0.90078125 0.615625 0.053125 0.06484375
6 0.6578125 0.82109375 0.05078125 0.07421875
6 0.79609375 0.7859375 0.0484375 0.06015625