7 0.47734375 0.57890625 0.4234375 0.2421875
7 0.06875 0.35 0.1375 0.7
7 0.134375 0.48515625 0.196875 0.4296875
7 0.4296875 0.0453125 0.36875 0.090625
7 0.4265625 0.259375 0.36796875 0.271875
6 0.98125 0.34140625 0.0375 0.0921875
6 0.9875 0.55390625 0.025 0.1296875
6 0.74296875 0.20859375 0.0578125 0.12265625
6 0.834375 0.13671875 0.0796875 0.12265625
7 0.3984375 0.8921875 0.58125 0.215625
7 0.0421875 0.98203125 0.084375 0.0359375
7 0.84453125 0.946875 0.3109375 0.10625
7 0.93515625 0.83046875 0.1296875 0.1390625