8 0.1859375 0.5640625 0.125 0.22109375
8 0.14296875 0.23984375 0.05078125 0.13203125
8 0.05859375 0.6203125 0.084375 0.10546875
8 0.36171875 0.62578125 0.0546875 0.1078125
8 0.3328125 0.4859375 0.06953125 0.11328125
8 0.47109375 0.40078125 0.0984375 0.2859375
8 0.92578125 0.05625 0.1484375 0.1125
8 0.803125 0.11640625 0.1390625 0.1609375
8 0.82890625 0.02109375 0.1859375 0.0421875
8 0.95859375 0.46484375 0.0828125 0.2515625
8 0.8015625 0.35859375 0.18515625 0.2015625
8 0.671875 0.31875 0.065625 0.346875
8 0.06640625 0.8109375 0.1328125 0.25
5 0.94296875 0.86171875 0.1140625 0.2765625
5 0.81640625 0.85 0.0953125 0.3
5 0.69140625 0.8734375 0.1046875 0.253125