8 0.3671875 0.46796875 0.084375 0.2296875
8 0.23203125 0.084375 0.2265625 0.16875
8 0.4796875 0.28828125 0.140625 0.1390625
8 0.45078125 0.09140625 0.0828125 0.1828125
8 0.9234375 0.0671875 0.153125 0.134375
8 0.7859375 0.171875 0.1515625 0.1828125
8 0.9859375 0.34140625 0.028125 0.1296875
8 0.92421875 0.57421875 0.1296875 0.2109375
8 0.6828125 0.63046875 0.14375 0.0984375
8 0.090625 0.9140625 0.10078125 0.1109375
8 0.3421875 0.94140625 0.05625 0.1171875
8 0.56953125 0.925 0.1390625 0.15
8 0.57265625 0.77265625 0.240625 0.15390625
8 0.4640625 0.70859375 0.10625 0.0578125
8 0.95 0.91640625 0.1 0.1546875
8 0.87421875 0.9625 0.1390625 0.075
8 0.890625 0.8 0.16328125 0.17578125