8 0.29453125 0.15234375 0.3890625 0.3046875
8 0.56484375 0.26484375 0.3078125 0.5296875
8 0.1953125 0.3421875 0.340625 0.375
8 0.8265625 0.15 0.215625 0.3
8 0.85703125 0.41015625 0.2765625 0.2390625
8 0.1140625 0.621875 0.11328125 0.12265625
8 0.56015625 0.65078125 0.103125 0.1390625
8 0.3234375 0.79609375 0.15859375 0.165625
8 0.38515625 0.55625 0.0765625 0.053125
8 0.684375 0.92109375 0.06875 0.1578125
8 0.15703125 0.959375 0.1359375 0.08125
8 0.3515625 0.98046875 0.125 0.0390625
8 0.0515625 0.87421875 0.0625 0.1078125
8 0.140625 0.809375 0.071875 0.09140625
8 0.84609375 0.878125 0.2015625 0.24375