7 0.1 0.06328125 0.153125 0.1265625
7 0.23671875 0.06328125 0.1546875 0.1265625
7 0.1703125 0.21796875 0.1609375 0.23828125
7 0.296875 0.22421875 0.14375 0.2390625
7 0.1046875 0.384375 0.146875 0.15
7 0.0578125 0.2109375 0.115625 0.23125
7 0.32734375 0.0703125 0.0828125 0.140625
7 0.240625 0.38984375 0.146875 0.1390625
7 0.33515625 0.38515625 0.0671875 0.1484375
7 0.684375 0.2296875 0.63125 0.459375
7 0.2125 0.6171875 0.1828125 0.146875
7 0.0421875 0.63046875 0.084375 0.1796875
7 0.184375 0.94609375 0.36875 0.1078125