6 0.16484375 0.31953125 0.3296875 0.4140625
6 0.32578125 0.0484375 0.2484375 0.096875
6 0.13359375 0.04765625 0.2671875 0.0953125
6 0.7734375 0.11796875 0.453125 0.2359375
6 0.83984375 0.3921875 0.3203125 0.275
6 0.55234375 0.39375 0.2046875 0.271875
6 0.31328125 0.79296875 0.2734375 0.4140625
6 0.06171875 0.88671875 0.1234375 0.2265625
6 0.07890625 0.66328125 0.1578125 0.2671875
6 0.396875 0.65390625 0.10625 0.2484375
6 0.39609375 0.915625 0.1078125 0.16875
6 0.72734375 0.76328125 0.5453125 0.4671875