6 0.0375 0.21015625 0.075 0.2546875
6 0.0796875 0.0953125 0.159375 0.190625
6 0.36953125 0.08515625 0.2859375 0.1703125
6 0.47109375 0.40703125 0.1953125 0.3765625
6 0.50234375 0.60234375 0.1328125 0.2140625
6 0.3 0.58515625 0.28828125 0.2359375
6 0.23359375 0.64609375 0.4359375 0.1265625
6 0.07265625 0.4328125 0.1453125 0.290625
6 0.73515625 0.60703125 0.2984375 0.2046875
6 0.60859375 0.340625 0.0796875 0.20625
6 0.75859375 0.228125 0.06484375 0.08671875
6 0.87265625 0.23828125 0.04296875 0.06015625
6 0.284375 0.8546875 0.56875 0.290625
6 0.746875 0.834375 0.35625 0.25
6 0.71640625 0.91484375 0.2953125 0.1703125
6 0.896875 0.8734375 0.20625 0.253125