6 0.11484375 0.2 0.2296875 0.4
6 0.23515625 0.0921875 0.3296875 0.184375
6 0.159375 0.31875 0.18125 0.1625
6 0.6546875 0.18359375 0.28359375 0.34375
6 0.92734375 0.2 0.1453125 0.4
6 0.6671875 0.36640625 0.221875 0.0671875
6 0.46796875 0.21328125 0.1359375 0.2890625
6 0.7671875 0.08515625 0.259375 0.1703125
6 0.5484375 0.06875 0.184375 0.1375
6 0.2 0.7 0.4 0.6
6 0.8671875 0.6359375 0.09140625 0.0890625
6 0.934375 0.71640625 0.10078125 0.115625
6 0.9859375 0.56015625 0.028125 0.1203125
6 0.97890625 0.64609375 0.0421875 0.0640625
6 0.92265625 0.89453125 0.0984375 0.09375
6 0.8203125 0.88125 0.0671875 0.07421875
6 0.7234375 0.84765625 0.0625 0.12734375
6 0.65078125 0.86875 0.084375 0.09375
6 0.61484375 0.66796875 0.09140625 0.134375
6 0.540625 0.6359375 0.13203125 0.10546875
6 0.70546875 0.46796875 0.1484375 0.1359375
6 0.85625 0.4859375 0.05546875 0.0765625
6 0.91875 0.45703125 0.08203125 0.10546875
6 0.9640625 0.415625 0.071875 0.03125
6 0.8546875 0.990625 0.15 0.01875
6 0.76171875 0.97890625 0.0890625 0.0421875
6 0.7125 0.946875 0.071875 0.10546875
6 0.65546875 0.94140625 0.0609375 0.1171875
6 0.57890625 0.91796875 0.09609375 0.10078125
6 0.765625 0.58984375 0.071875 0.06015625