7 0.41171875 0.078125 0.1859375 0.15625
7 0.24921875 0.07578125 0.1765625 0.1515625
7 0.0875 0.07265625 0.175 0.1453125
7 0.40625 0.31171875 0.16796875 0.37734375
7 0.2453125 0.3109375 0.16328125 0.3890625
7 0.08984375 0.3171875 0.17578125 0.37265625
7 0.7046875 0.071875 0.246875 0.14375
7 0.60625 0.2453125 0.19375 0.215625
7 0.54609375 0.4234375 0.0734375 0.18125
7 0.83046875 0.25 0.26953125 0.20703125
7 0.94375 0.0734375 0.1125 0.146875
7 0.74453125 0.43828125 0.19921875 0.2015625
7 0.27578125 0.60234375 0.0640625 0.1265625
7 0.7546875 0.68046875 0.490625 0.2828125