8 0.27109375 0.32734375 0.134375 0.196875
8 0.30390625 0.05078125 0.1296875 0.1015625
8 0.16875 0.10625 0.12265625 0.1734375
8 0.97109375 0.0125 0.0578125 0.025
8 0.80703125 0.0265625 0.0828125 0.053125
8 0.915625 0.09609375 0.09140625 0.0765625
8 0.59140625 0.1140625 0.0984375 0.08671875
8 0.47734375 0.0828125 0.0765625 0.09609375
8 0.61796875 0.00859375 0.1265625 0.0171875
8 0.5484375 0.03359375 0.103125 0.0671875
8 0.65546875 0.05078125 0.0984375 0.0765625
8 0.15703125 0.8125 0.115625 0.209375
8 0.30703125 0.54765625 0.1015625 0.0578125
8 0.31015625 0.9515625 0.0859375 0.096875
8 0.11171875 0.578125 0.0765625 0.11875
5 0.8015625 0.9015625 0.271875 0.196875
5 0.8359375 0.66328125 0.31953125 0.228125