6 0.2703125 0.4125 0.15625 0.23046875
6 0.39765625 0.3890625 0.0421875 0.246875
6 0.11875 0.4578125 0.21875 0.184375
6 0.0921875 0.1515625 0.165625 0.303125
6 0.9625 0.3515625 0.075 0.396875
6 0.48515625 0.0421875 0.1328125 0.084375
6 0.64296875 0.12890625 0.134375 0.16328125
6 0.75078125 0.05390625 0.1078125 0.1078125
6 0.509375 0.45078125 0.18125 0.1984375
6 0.32109375 0.76484375 0.1953125 0.4296875
6 0.9328125 0.82890625 0.134375 0.1171875
6 0.65546875 0.728125 0.13671875 0.10078125
6 0.559375 0.6921875 0.103125 0.21875
6 0.81484375 0.771875 0.1421875 0.134375
6 0.97890625 0.6625 0.0421875 0.16875