6 0.19765625 0.26015625 0.3953125 0.2578125
8 0.56953125 0.1125 0.1203125 0.225
8 0.76171875 0.26640625 0.1703125 0.1515625
8 0.93125 0.25 0.1375 0.278125
6 0.27890625 0.58046875 0.21171875 0.30546875
6 0.1125 0.47265625 0.225 0.1671875
6 0.1015625 0.86953125 0.203125 0.1984375
6 0.40390625 0.91875 0.1984375 0.1625
6 0.45703125 0.62734375 0.1046875 0.2296875
8 0.55625 0.5078125 0.09375 0.2375
8 0.978125 0.55390625 0.04375 0.2234375
8 0.60078125 0.8203125 0.11796875 0.20703125
8 0.74609375 0.715625 0.12734375 0.22578125
8 0.8828125 0.84765625 0.12265625 0.2234375
8 0.8140625 0.93203125 0.128125 0.1359375
8 0.80546875 0.4421875 0.1359375 0.10625