5 0.29375 0.37578125 0.5875 0.5859375
5 0.8296875 0.334375 0.340625 0.66875
5 0.034375 0.71640625 0.06875 0.0953125
5 0.278125 0.73984375 0.0796875 0.10546875
5 0.284375 0.903125 0.0625 0.11796875
5 0.12578125 0.82890625 0.0625 0.115625
5 0.521875 0.7 0.084375 0.0625
5 0.528125 0.81875 0.07421875 0.11328125
5 0.48203125 0.97109375 0.0921875 0.0578125
5 0.3671875 0.7625 0.0765625 0.10546875
5 0.1546875 0.71796875 0.084375 0.0984375
5 0.165625 0.9828125 0.084375 0.034375
5 0.6875 0.89921875 0.05625 0.1734375
5 0.9765625 0.92734375 0.046875 0.1453125
5 0.87421875 0.9640625 0.0703125 0.071875
5 0.83359375 0.740625 0.0953125 0.14375
5 0.68828125 0.7109375 0.0578125 0.084375
5 0.971875 0.759375 0.05625 0.18125