5 0.384375 0.26640625 0.46875 0.4265625
5 0.8140625 0.29140625 0.371875 0.3765625
5 0.1859375 0.78984375 0.10546875 0.1109375
5 0.446875 0.82109375 0.0796875 0.10546875
5 0.453125 0.9625 0.0625 0.075
5 0.29453125 0.91015625 0.0625 0.115625
5 0.08515625 0.52109375 0.0453125 0.0828125
5 0.25 0.51875 0.040625 0.078125
5 0.0140625 0.91484375 0.028125 0.0734375
5 0.03515625 0.796875 0.0703125 0.084375
5 0.08515625 0.63125 0.06484375 0.07421875
5 0.1546875 0.5640625 0.040625 0.0578125
5 0.5359375 0.84375 0.0765625 0.10546875
5 0.446875 0.56953125 0.0765625 0.09140625
5 0.32421875 0.7921875 0.084375 0.11328125
5 0.1109375 0.98203125 0.084375 0.0359375
5 0.0078125 0.646875 0.015625 0.1125
5 0.36796875 0.5 0.0796875 0.040625
4 0.84921875 0.7734375 0.2828125 0.453125