8 0.2640625 0.21015625 0.15625 0.2796875
8 0.48125 0.1109375 0.096875 0.221875
8 0.50625 0.2921875 0.046875 0.115625
8 0.015625 0.0984375 0.03125 0.178125
8 0.41796875 0.046875 0.1421875 0.09375
8 0.6265625 0.01640625 0.0625 0.0328125
8 0.5640625 0.0171875 0.06875 0.034375
8 0.72109375 0.28515625 0.09609375 0.0984375
8 0.8875 0.2 0.103125 0.09140625
8 0.76484375 0.02734375 0.0734375 0.0546875
8 0.9078125 0.04609375 0.0984375 0.0671875
8 0.696875 0.1375 0.103125 0.10078125
8 0.54296875 0.24453125 0.0265625 0.1015625
8 0.57890625 0.31640625 0.0953125 0.0671875
8 0.73125 0.33984375 0.084375 0.0203125
8 0.903125 0.30546875 0.1109375 0.0890625
8 0.80078125 0.22265625 0.0796875 0.08203125
8 0.859375 0.10390625 0.06015625 0.06953125
8 0.6140625 0.10859375 0.08203125 0.09140625
8 0.63125 0.22109375 0.0671875 0.08671875
8 0.96484375 0.21796875 0.0703125 0.0953125
8 0.359375 0.68203125 0.14921875 0.1515625
8 0.31640625 0.95703125 0.1390625 0.0859375
8 0.1703125 0.79140625 0.17578125 0.09375
8 0.31328125 0.5140625 0.12734375 0.18046875
8 0.13046875 0.590625 0.12734375 0.115625
8 0.87890625 0.8625 0.2421875 0.275