6 0.071875 0.265625 0.14375 0.259375
6 0.12109375 0.121875 0.2171875 0.24375
6 0.3828125 0.1125 0.171875 0.225
6 0.11484375 0.421875 0.2015625 0.15625
6 0.80078125 0.25234375 0.1390625 0.19453125
6 0.94140625 0.18671875 0.09375 0.20703125
6 0.61796875 0.01953125 0.1328125 0.0390625
6 0.7453125 0.01640625 0.090625 0.0328125
6 0.62890625 0.26796875 0.11328125 0.1515625
6 0.61875 0.40546875 0.14453125 0.178125
6 0.1609375 0.75 0.321875 0.5
6 0.76640625 0.925 0.1078125 0.15
6 0.790625 0.66953125 0.06015625 0.1109375
6 0.575 0.7140625 0.0578125 0.09609375
6 0.6859375 0.63125 0.0453125 0.08203125
6 0.69921875 0.7875 0.0796875 0.103125
6 0.6109375 0.9484375 0.0625 0.08671875
6 0.9046875 0.90390625 0.08671875 0.11796875