8 0.31015625 0.28046875 0.459375 0.290625
8 0.3015625 0.42421875 0.190625 0.0703125
8 0.48515625 0.40390625 0.1734375 0.1109375
8 0.13359375 0.421875 0.1265625 0.075
6 0.74765625 0.20078125 0.2953125 0.4015625
6 0.35234375 0.94140625 0.3234375 0.1171875
6 0.05546875 0.7578125 0.1109375 0.2
6 0.31953125 0.5828125 0.1703125 0.2234375
6 0.4953125 0.5078125 0.16875 0.096875
6 0.53359375 0.76015625 0.1328125 0.1484375
6 0.6765625 0.56484375 0.153125 0.2109375
6 0.87578125 0.76875 0.165625 0.2546875
6 0.6328125 0.85 0.065625 0.1875