8 0.375 0.3765625 0.26171875 0.3296875
8 0.94921875 0.38203125 0.1015625 0.1890625
8 0.9234375 0.21171875 0.153125 0.1546875
8 0.83046875 0.06015625 0.1109375 0.1203125
8 0.759375 0.5671875 0.11875 0.24375
8 0.71796875 0.421875 0.0359375 0.121875
8 0.40546875 0.72265625 0.0859375 0.0453125
8 0.07578125 0.746875 0.0671875 0.0765625
8 0.0125 0.74609375 0.025 0.0921875
8 0.16875 0.778125 0.1078125 0.08203125
8 0.29375 0.7921875 0.09375 0.08203125
8 0.6328125 0.81015625 0.103125 0.09140625
8 0.66171875 0.73046875 0.0765625 0.0609375
8 0.56640625 0.74375 0.103125 0.08203125
8 0.88203125 0.9859375 0.0796875 0.028125
8 0.775 0.7875 0.10078125 0.1109375