6 0.2296875 0.29296875 0.178125 0.2734375
6 0.13359375 0.16953125 0.2671875 0.3109375
7 0.6453125 0.34765625 0.396875 0.1640625
7 0.903125 0.3234375 0.19375 0.2125
7 0.8265625 0.146875 0.346875 0.253125
7 0.50859375 0.15078125 0.3796875 0.2859375
7 0.38828125 0.33125 0.1390625 0.196875
7 0.159375 0.871875 0.31875 0.25625
7 0.159375 0.475 0.31875 0.090625
6 0.62265625 0.5375 0.4015625 0.215625
6 0.3984375 0.65234375 0.159375 0.4453125
6 0.43828125 0.92109375 0.2390625 0.1578125
6 0.73203125 0.80546875 0.3609375 0.3890625
6 0.8 0.9546875 0.4 0.090625
6 0.9546875 0.69609375 0.090625 0.4109375