5 0.2296875 0.32578125 0.459375 0.5078125
4 0.6296875 0.37734375 0.12734375 0.17578125
4 0.78984375 0.24765625 0.13203125 0.15859375
4 0.76328125 0.4234375 0.2046875 0.16796875
4 0.95625 0.37109375 0.0875 0.1984375
4 0.93671875 0.22890625 0.1265625 0.1328125
4 0.81015625 0.07578125 0.12734375 0.1390625
4 0.62265625 0.21640625 0.24765625 0.12265625
4 0.521875 0.33515625 0.125 0.1703125
4 0.57890625 0.5625 0.1234375 0.034375
4 0.7484375 0.53359375 0.24375 0.0921875
4 0.91875 0.54765625 0.1625 0.0640625
4 0.32421875 0.89140625 0.2703125 0.2171875
4 0.2265625 0.78984375 0.36875 0.4203125
5 0.7296875 0.78984375 0.540625 0.4203125