6 0.221875 0.1765625 0.44375 0.271875
6 0.2859375 0.37421875 0.565625 0.0890625
6 0.74609375 0.08984375 0.2859375 0.1796875
6 0.1765625 0.7375 0.353125 0.525
6 0.19375 0.5953125 0.3125 0.353125
6 0.39296875 0.4703125 0.3515625 0.103125
6 0.4515625 0.72578125 0.234375 0.5484375
6 0.66484375 0.93515625 0.1921875 0.1296875
6 0.9 0.9359375 0.2 0.128125
6 0.93828125 0.77421875 0.1234375 0.2265625
6 0.69921875 0.78125 0.18515625 0.2046875
6 0.6046875 0.865625 0.071875 0.26875
6 0.7203125 0.48125 0.240625 0.125
6 0.59296875 0.59921875 0.0484375 0.2015625