6 0.221875 0.159375 0.44375 0.31875
8 0.80859375 0.03125 0.1921875 0.0625
8 0.821875 0.228125 0.13125 0.18125
6 0.409375 0.3875 0.140625 0.1375
6 0.15 0.57265625 0.15859375 0.2640625
6 0.35078125 0.803125 0.165625 0.2546875
6 0.075 0.88515625 0.13203125 0.1875
6 0.9265625 0.521875 0.11796875 0.071875
6 0.94765625 0.63671875 0.1046875 0.0734375
6 0.83984375 0.6359375 0.11328125 0.115625
6 0.9140625 0.825 0.13203125 0.11328125
6 0.675 0.73828125 0.13671875 0.0890625
6 0.53046875 0.43203125 0.1015625 0.1265625
6 0.515625 0.5984375 0.071875 0.084375
6 0.50625 0.79453125 0.053125 0.0859375