8 0.36796875 0.13359375 0.1421875 0.2671875
8 0.26796875 0.353125 0.2421875 0.09375
8 0.65078125 0.11796875 0.4234375 0.2359375
8 0.94140625 0.11328125 0.1171875 0.2265625
8 0.65703125 0.3375 0.4359375 0.125
8 0.21484375 0.85625 0.12265625 0.21171875
8 0.0328125 0.46015625 0.065625 0.1203125
8 0.07421875 0.546875 0.12265625 0.14453125
8 0.29140625 0.4515625 0.1078125 0.103125
8 0.415625 0.6265625 0.046875 0.15625
8 0.33359375 0.9265625 0.0671875 0.13671875
8 0.22890625 0.56171875 0.103125 0.1609375
8 0.0828125 0.9265625 0.09375 0.146875
8 0.30859375 0.79609375 0.0796875 0.115625
8 0.246875 0.725 0.10078125 0.146875
8 0.10546875 0.78515625 0.0890625 0.12734375
8 0.30859375 0.56875 0.1203125 0.146875
8 0.91328125 0.4640625 0.1734375 0.128125
8 0.5296875 0.72578125 0.18125 0.3359375
8 0.6421875 0.76796875 0.125 0.25234375
8 0.840625 0.7859375 0.15859375 0.28828125
8 0.96875 0.78046875 0.0625 0.2953125