8 0.3015625 0.14375 0.20625 0.2875
8 0.0796875 0.13828125 0.159375 0.2765625
8 0.05546875 0.33828125 0.1109375 0.1015625
8 0.29140625 0.3421875 0.2359375 0.09375
5 0.91875 0.19453125 0.1625 0.3890625
5 0.62421875 0.321875 0.1703125 0.134375
5 0.06796875 0.5546875 0.1359375 0.196875
5 0.046875 0.75390625 0.09375 0.1734375
5 0.3640625 0.453125 0.090625 0.128125
5 0.3359375 0.88203125 0.146875 0.2359375
5 0.2328125 0.590625 0.13203125 0.2671875
5 0.09609375 0.96171875 0.1453125 0.0765625
5 0.17109375 0.8234375 0.14921875 0.1109375
5 0.35234375 0.66171875 0.1140625 0.1484375
8 0.9421875 0.90234375 0.115625 0.1390625
8 0.971875 0.6765625 0.05625 0.240625
8 0.4984375 0.65234375 0.178125 0.1921875
8 0.62734375 0.4578125 0.1234375 0.1375
8 0.74921875 0.4671875 0.1421875 0.15625
8 0.65078125 0.7859375 0.1515625 0.1828125
8 0.43515625 0.9453125 0.0515625 0.109375