5 0.0265625 0.13359375 0.053125 0.2671875
5 0.159375 0.13046875 0.159375 0.2609375
5 0.378125 0.134375 0.21875 0.26875
8 0.5796875 0.1625 0.18125 0.153125
8 0.68359375 0.03203125 0.1078125 0.0640625
8 0.96875 0.040625 0.0625 0.08125
8 0.990625 0.15625 0.01875 0.115625
8 0.86796875 0.18515625 0.1640625 0.1671875
8 0.19296875 0.79609375 0.1875 0.2671875
8 0.4515625 0.65078125 0.075 0.3234375
8 0.1171875 0.4078125 0.184375 0.278125
8 0.03359375 0.69140625 0.0671875 0.2453125
5 0.85546875 0.634375 0.2890625 0.73125