8 0.31171875 0.046875 0.1109375 0.09375
8 0.0234375 0.15546875 0.046875 0.1953125
8 0.3359375 0.28359375 0.0796875 0.15390625
8 0.34453125 0.6140625 0.10078125 0.16796875
8 0.31953125 0.453125 0.0796875 0.1609375
8 0.16953125 0.3578125 0.0625 0.0984375
8 0.15859375 0.578125 0.0625 0.09609375
8 0.18046875 0.6546875 0.0546875 0.109375
8 0.0375 0.65625 0.075 0.10625
8 0.01015625 0.54453125 0.0203125 0.1015625
8 0.13671875 0.2 0.053125 0.115625
8 0.9375 0.4828125 0.125 0.225
8 0.8671875 0.290625 0.25234375 0.240625
8 0.73828125 0.51484375 0.1875 0.19453125
8 0.903125 0.6546875 0.19375 0.109375
8 0.71171875 0.67109375 0.2140625 0.0765625
8 0.359375 0.8546875 0.11875 0.290625
8 0.5703125 0.92265625 0.1109375 0.125
8 0.453125 0.7640625 0.06875 0.109375