7 0.0953125 0.246875 0.15625 0.21875
7 0.3546875 0.246875 0.18515625 0.228125
7 0.2984375 0.08828125 0.16875 0.1765625
7 0.50234375 0.2359375 0.15390625 0.25
7 0.61015625 0.246875 0.0984375 0.228125
7 0.57109375 0.3859375 0.1609375 0.10625
7 0.43671875 0.384375 0.1609375 0.109375
7 0.29921875 0.3796875 0.1390625 0.11875
7 0.05703125 0.38125 0.1140625 0.115625
7 0.05546875 0.0796875 0.1109375 0.159375
7 0.01796875 0.2390625 0.0359375 0.25625
7 0.57265625 0.0734375 0.1546875 0.146875
7 0.778125 0.28046875 0.2375 0.3171875
7 0.95078125 0.321875 0.0984375 0.234375
7 0.97578125 0.1546875 0.0484375 0.2625
7 0.3296875 0.71953125 0.659375 0.5609375
7 0.8296875 0.71953125 0.340625 0.5609375