5 0.22421875 0.13984375 0.4296875 0.2796875
8 0.71953125 0.053125 0.5609375 0.10625
8 0.49375 0.17109375 0.109375 0.2171875
8 0.39453125 0.6375 0.0890625 0.259375
8 0.36953125 0.8546875 0.1390625 0.259375
8 0.97578125 0.63203125 0.0484375 0.1921875
8 0.76953125 0.44140625 0.103125 0.16796875
8 0.8828125 0.70234375 0.11328125 0.15859375
8 0.93671875 0.84296875 0.10078125 0.18046875
8 0.67890625 0.98203125 0.1015625 0.0359375
8 0.68515625 0.7875 0.115625 0.19921875
8 0.59140625 0.85 0.10078125 0.18046875
8 0.671875 0.41953125 0.1203125 0.25234375
8 0.97734375 0.4765625 0.0453125 0.15625