7 0.37734375 0.6421875 0.2234375 0.346875
7 0.1515625 0.6203125 0.303125 0.396875
7 0.27734375 0.3828125 0.3640625 0.1875
7 0.06328125 0.87421875 0.1265625 0.2515625
7 0.21796875 0.8828125 0.259375 0.22109375
7 0.28046875 0.965625 0.4046875 0.06875
7 0.4109375 0.85859375 0.15625 0.2296875
7 0.0609375 0.37734375 0.121875 0.1765625
7 0.7078125 0.7765625 0.1203125 0.0578125
7 0.8890625 0.540625 0.16328125 0.07421875
7 0.8921875 0.3921875 0.1203125 0.05546875
7 0.80703125 0.47578125 0.146875 0.06015625
7 0.6640625 0.32734375 0.115625 0.053125
7 0.7796875 0.853125 0.1875 0.0484375