6 0.0421875 0.21484375 0.084375 0.2421875
6 0.17734375 0.17109375 0.0890625 0.178125
6 0.39453125 0.38125 0.0765625 0.1609375
7 0.5875 0.08828125 0.275 0.1765625
6 0.20625 0.759375 0.4125 0.48125
6 0.8796875 0.565625 0.240625 0.09375
6 0.67734375 0.653125 0.1484375 0.26875
6 0.840625 0.68125 0.22578125 0.18984375
6 0.96484375 0.81796875 0.0703125 0.3171875
6 0.50859375 0.5453125 0.1171875 0.053125
6 0.54921875 0.6515625 0.1609375 0.265625
6 0.5328125 0.84296875 0.165625 0.3140625
6 0.63515625 0.93046875 0.2203125 0.1390625