8 0.4484375 0.0296875 0.021875 0.059375
8 0.4484375 0.30078125 0.021875 0.1140625
8 0.37109375 0.27109375 0.0796875 0.134375
8 0.053125 0.59296875 0.06875 0.0734375
8 0.0546875 0.4875 0.0578125 0.0984375
8 0.27421875 0.584375 0.0671875 0.090625
8 0.94921875 0.12265625 0.1015625 0.2046875
8 0.6515625 0.03515625 0.115625 0.0703125
8 0.56484375 0.1875 0.1109375 0.18984375
8 0.70078125 0.32890625 0.11796875 0.09609375
8 0.75 0.45390625 0.14453125 0.14453125
8 0.92421875 0.49296875 0.146875 0.13203125
8 0.7796875 0.27890625 0.12265625 0.1609375
8 0.690625 0.1984375 0.115625 0.165625
8 0.1390625 0.7765625 0.15625 0.29375
8 0.371875 0.8125 0.16875 0.365625
8 0.28671875 0.81484375 0.1703125 0.3703125
5 0.7859375 0.81484375 0.428125 0.3703125