6 0.209375 0.3 0.41875 0.6
6 0.71328125 0.5125 0.3234375 0.175
6 0.4453125 0.3 0.053125 0.2
6 0.68046875 0.125 0.1703125 0.2234375
6 0.85625 0.04921875 0.16875 0.0984375
6 0.9140625 0.30234375 0.171875 0.1484375
6 0.34296875 0.9375 0.1515625 0.125
6 0.75625 0.65078125 0.159375 0.1015625
6 0.45859375 0.9609375 0.0796875 0.078125
6 0.6109375 0.67109375 0.0875 0.1421875
6 0.54921875 0.884375 0.0796875 0.15859375
6 0.44453125 0.646875 0.0515625 0.09375
6 0.9265625 0.85625 0.146875 0.165625
6 0.8703125 0.95546875 0.059375 0.0890625
6 0.78984375 0.96484375 0.1296875 0.0703125