7 0.36640625 0.20390625 0.16796875 0.1203125
7 0.11015625 0.1375 0.1703125 0.1734375
7 0.08671875 0.01640625 0.0765625 0.0328125
7 0.19453125 0.02421875 0.0921875 0.0484375
7 0.34453125 0.0765625 0.0671875 0.07421875
7 0.51640625 0.07421875 0.0890625 0.11796875
7 0.5640625 0.4421875 0.109375 0.09375
7 0.23203125 0.4046875 0.14453125 0.15390625
7 0.08203125 0.3390625 0.1640625 0.19375
6 0.69453125 0.365625 0.1515625 0.221875
6 0.93125 0.234375 0.1375 0.209375
6 0.94296875 0.0515625 0.1140625 0.103125
6 0.7484375 0.075 0.259375 0.15
6 0.9140625 0.4078125 0.171875 0.1625
7 0.12578125 0.7078125 0.2515625 0.4375
7 0.409375 0.83515625 0.284375 0.3296875
7 0.809375 0.74453125 0.38125 0.5109375