6 0.14453125 0.29609375 0.2890625 0.2453125
6 0.6703125 0.36796875 0.146875 0.1015625
6 0.7609375 0.09296875 0.115625 0.1859375
6 0.89140625 0.059375 0.1203125 0.11875
6 0.45234375 0.28984375 0.1859375 0.2578125
6 0.45078125 0.1875 0.1390625 0.27890625
6 0.25625 0.59453125 0.20625 0.3515625
6 0.334375 0.93671875 0.05 0.1265625
6 0.24921875 0.93828125 0.1265625 0.1234375
6 0.15 0.83828125 0.259375 0.3234375
6 0.8125 0.72265625 0.178125 0.50234375
6 0.46796875 0.60546875 0.0890625 0.3734375
6 0.60546875 0.83515625 0.0984375 0.3296875