6 0.40234375 0.3515625 0.3765625 0.615625
6 0.09609375 0.3671875 0.1921875 0.33125
6 0.13125 0.56484375 0.2625 0.1890625
7 0.96640625 0.49609375 0.0671875 0.1921875
7 0.14765625 0.78203125 0.13671875 0.1296875
7 0.41796875 0.7828125 0.08671875 0.1078125
7 0.37578125 0.9359375 0.1515625 0.11328125
7 0.5765625 0.6875 0.159375 0.05625
7 0.42890625 0.6859375 0.1609375 0.053125
7 0.5140625 0.94453125 0.15390625 0.10546875
7 0.25 0.9796875 0.13125 0.040625
7 0.63984375 0.83515625 0.1421875 0.08671875
7 0.81875 0.8828125 0.2 0.234375
7 0.8015625 0.8296875 0.165625 0.340625