6 0.37421875 0.2484375 0.6109375 0.496875
6 0.80078125 0.43671875 0.1609375 0.1453125
6 0.70703125 0.425 0.0546875 0.16875
6 0.92734375 0.28125 0.1453125 0.21875
6 0.953125 0.3234375 0.09375 0.146875
8 0.41171875 0.60625 0.1609375 0.19375
8 0.153125 0.72109375 0.18984375 0.2046875
8 0.34375 0.86484375 0.11328125 0.1390625
8 0.2546875 0.9609375 0.1 0.078125
8 0.62109375 0.690625 0.0796875 0.14453125
8 0.49765625 0.540625 0.1203125 0.0625
8 0.01875 0.775 0.0375 0.13125
6 0.7125 0.8671875 0.065625 0.265625
6 0.859375 0.69609375 0.10546875 0.18984375
6 0.92734375 0.875 0.1453125 0.165625