6 0.15546875 0.09765625 0.1265625 0.1953125
6 0.56328125 0.1453125 0.2015625 0.15859375
6 0.76484375 0.18984375 0.146875 0.18515625
6 0.9484375 0.10703125 0.103125 0.1703125
6 0.43359375 0.01953125 0.0765625 0.0390625
6 0.35078125 0.03359375 0.1109375 0.0671875
6 0.271875 0.0265625 0.06875 0.053125
6 0.24609375 0.128125 0.0546875 0.09375
6 0.28671875 0.21953125 0.09609375 0.1421875
6 0.28984375 0.715625 0.1421875 0.1125
6 0.53984375 0.90390625 0.1359375 0.1921875
6 0.8609375 0.71953125 0.178125 0.1203125
6 0.890625 0.95078125 0.21875 0.0984375