6 0.4125 0.125 0.1125 0.159375
6 0.38984375 0.30625 0.11796875 0.165625
6 0.06640625 0.19453125 0.09375 0.1609375
6 0.0140625 0.11640625 0.028125 0.1109375
6 0.12890625 0.34453125 0.09140625 0.18515625
6 0.20390625 0.1234375 0.09609375 0.115625
6 0.2671875 0.2484375 0.09375 0.08671875
6 0.2984375 0.07890625 0.08671875 0.12734375
6 0.2828125 0.3984375 0.071875 0.08125
8 0.87109375 0.11171875 0.13203125 0.18046875
8 0.76875 0.01875 0.1 0.0375
8 0.70859375 0.15859375 0.09375 0.1703125
6 0.1109375 0.74375 0.221875 0.5125
6 0.96015625 0.84296875 0.0796875 0.3140625
6 0.6671875 0.753125 0.396875 0.49375
6 0.9125 0.66171875 0.175 0.3484375