8 0.128125 0.19140625 0.084375 0.1296875
8 0.01875 0.3546875 0.0375 0.10625
8 0.496875 0.325 0.084375 0.15625
8 0.4046875 0.0578125 0.07421875 0.11328125
8 0.32734375 0.41796875 0.125 0.09609375
8 0.38046875 0.553125 0.0671875 0.0890625
8 0.215625 0.084375 0.071875 0.1109375
8 0.1515625 0.0484375 0.090625 0.096875
8 0.9453125 0.3078125 0.109375 0.371875
8 0.72890625 0.35 0.3796875 0.659375
8 0.853125 0.59921875 0.29375 0.1609375
8 0.26953125 0.84140625 0.5390625 0.3171875
8 0.76953125 0.83984375 0.4609375 0.3203125