7 0.4375 0.33984375 0.084375 0.3296875
7 0.14296875 0.2953125 0.0625 0.06953125
7 0.05390625 0.3140625 0.1078125 0.178125
7 0.08046875 0.51875 0.1609375 0.18125
7 0.23359375 0.54140625 0.0984375 0.1359375
7 0.81171875 0.125 0.25703125 0.18046875
7 0.69296875 0.2875 0.25703125 0.2015625
7 0.58984375 0.46484375 0.2203125 0.2046875
7 0.81875 0.4859375 0.23828125 0.18515625
7 0.5359375 0.29140625 0.1125 0.1859375
7 0.290625 0.809375 0.278125 0.38125
7 0.67734375 0.8046875 0.3953125 0.390625
7 0.94296875 0.8046875 0.1140625 0.390625