8 0.21953125 0.234375 0.4390625 0.46875
8 0.8109375 0.25234375 0.18046875 0.18046875
8 0.89375 0.1125 0.09140625 0.19921875
8 0.953125 0.13203125 0.08671875 0.16328125
8 0.96015625 0.43046875 0.0796875 0.0765625
8 0.8546875 0.42578125 0.084375 0.0859375
8 0.2046875 0.55546875 0.165625 0.1734375
8 0.21875 0.7296875 0.240625 0.2671875
5 0.92890625 0.8140625 0.1421875 0.371875
5 0.78828125 0.80234375 0.0953125 0.3953125
5 0.6375 0.82578125 0.15625 0.3484375
5 0.48359375 0.82265625 0.0890625 0.3546875