6 0.1859375 0.26796875 0.371875 0.5234375
6 0.73203125 0.11328125 0.1265625 0.2265625
6 0.58984375 0.27734375 0.2015625 0.4234375
6 0.8890625 0.16640625 0.22109375 0.290625
6 0.7859375 0.3171875 0.209375 0.23828125
6 0.5234375 0.04140625 0.06875 0.0828125
6 0.46015625 0.8078125 0.0578125 0.165625
6 0.3265625 0.85546875 0.1515625 0.18984375
6 0.13125 0.76875 0.11796875 0.17578125
6 0.03046875 0.54609375 0.0609375 0.0328125
6 0.3171875 0.559375 0.065625 0.059375
6 0.43828125 0.5703125 0.1015625 0.08125
6 0.74453125 0.76484375 0.5109375 0.4703125