6 0.25078125 0.3046875 0.1078125 0.06875
6 0.27578125 0.0875 0.06015625 0.1109375
6 0.503125 0.21015625 0.03125 0.1140625
6 0.05625 0.13203125 0.0578125 0.0984375
6 0.16875 0.04765625 0.0453125 0.084375
6 0.18203125 0.20625 0.08203125 0.10546875
6 0.39140625 0.30234375 0.0890625 0.0734375
6 0.63203125 0.3 0.2046875 0.078125
6 0.9015625 0.23359375 0.196875 0.2109375
6 0.7125 0.0890625 0.3875 0.178125
6 0.321875 0.46484375 0.39375 0.2515625
6 0.046875 0.8125 0.09375 0.375
6 0.3171875 0.81484375 0.403125 0.3703125
6 0.609375 0.5234375 0.18125 0.178125
6 0.61640625 0.86328125 0.1953125 0.2734375
6 0.9546875 0.80625 0.090625 0.29375