8 0.2 0.209375 0.4 0.41875
8 0.4546875 0.353125 0.0765625 0.07421875
8 0.5984375 0.25546875 0.115625 0.08671875
8 0.81796875 0.38046875 0.0984375 0.0765625
8 0.41484375 0.02578125 0.0296875 0.0515625
8 0.77109375 0.11484375 0.0671875 0.103125
8 0.728125 0.2875 0.0765625 0.0984375
8 0.615625 0.3859375 0.0875 0.065625
8 0.2375 0.77265625 0.309375 0.4546875
8 0.5640625 0.53828125 0.328125 0.2390625
8 0.86875 0.53828125 0.2625 0.2390625
8 0.53515625 0.85703125 0.2703125 0.2859375
8 0.87890625 0.8765625 0.2421875 0.246875