8 0.05 0.1203125 0.1 0.240625
8 0.23203125 0.28203125 0.1703125 0.1515625
8 0.42421875 0.27578125 0.1828125 0.2984375
6 0.76484375 0.35 0.4703125 0.7
6 0.48203125 0.72109375 0.0765625 0.0421875
6 0.3890625 0.878125 0.06953125 0.06015625
6 0.2296875 0.96015625 0.071875 0.0796875
6 0.07890625 0.82265625 0.09375 0.084375
6 0.034375 0.975 0.059375 0.05
6 0.10390625 0.971875 0.0671875 0.05625
6 0.515625 0.80703125 0.028125 0.0859375
8 0.5515625 0.94453125 0.04375 0.1109375
8 0.64765625 0.90078125 0.084375 0.12265625
8 0.7484375 0.903125 0.08671875 0.1296875
8 0.8546875 0.97890625 0.1 0.0421875