8 0.2625 0.11875 0.275 0.2375
8 0.50546875 0.0953125 0.11796875 0.18984375
8 0.571875 0.296875 0.115625 0.16875
8 0.8859375 0.4546875 0.09375 0.090625
8 0.5796875 0.90390625 0.1 0.1921875
8 0.27109375 0.6765625 0.1515625 0.13203125
8 0.496875 0.771875 0.10546875 0.22578125
8 0.3046875 0.7875 0.1109375 0.12265625
8 0.39296875 0.9484375 0.1109375 0.103125
8 0.19375 0.9375 0.134375 0.125
8 0.11015625 0.68515625 0.11796875 0.16328125
8 0.05390625 0.53125 0.1078125 0.0625
8 0.596875 0.70078125 0.065625 0.1703125
8 0.64296875 0.79140625 0.0265625 0.0546875
8 0.9046875 0.88828125 0.0484375 0.0484375