6 0.22890625 0.26015625 0.21640625 0.22109375
6 0.31171875 0.021875 0.2546875 0.04375
6 0.09140625 0.059375 0.1765625 0.11875
6 0.04296875 0.29921875 0.0859375 0.3046875
6 0.17578125 0.42421875 0.2671875 0.2296875
6 0.41640625 0.328125 0.0453125 0.215625
7 0.71953125 0.16328125 0.5609375 0.3265625
7 0.58984375 0.4484375 0.2796875 0.18125
7 0.8796875 0.440625 0.240625 0.196875
7 0.21953125 0.76953125 0.4390625 0.4609375
7 0.884375 0.97421875 0.115625 0.0515625
7 0.7078125 0.8546875 0.08671875 0.11796875
7 0.9609375 0.6734375 0.078125 0.103125
7 0.93203125 0.87734375 0.1359375 0.2453125