6 0.44140625 0.0328125 0.1546875 0.065625
6 0.2328125 0.03203125 0.2 0.0640625
6 0.0609375 0.025 0.121875 0.05
6 0.0734375 0.171875 0.146875 0.18125
6 0.275 0.16796875 0.2359375 0.134375
6 0.47265625 0.18671875 0.1328125 0.1609375
6 0.0703125 0.365625 0.140625 0.134375
6 0.26484375 0.371875 0.21171875 0.18984375
6 0.45546875 0.3953125 0.1671875 0.16875
6 0.5953125 0.16640625 0.1125 0.3328125
6 0.81640625 0.3296875 0.15625 0.2015625
6 0.13203125 0.50078125 0.2515625 0.0421875
6 0.1359375 0.7890625 0.271875 0.3
6 0.82421875 0.73984375 0.3515625 0.5203125