6 0.08125 0.0796875 0.1625 0.159375
6 0.2875 0.065625 0.225 0.13125
6 0.08125 0.26640625 0.15390625 0.13671875
6 0.284375 0.271875 0.2140625 0.1921875
6 0.07265625 0.4078125 0.1453125 0.103125
6 0.27421875 0.42265625 0.2296875 0.0734375
6 0.509375 0.2296875 0.21875 0.459375
6 0.62734375 0.4203125 0.3984375 0.078125
6 0.7640625 0.2296875 0.375 0.459375
6 0.7921875 0.046875 0.3125 0.09375
6 0.1421875 0.790625 0.196875 0.25
6 0.30546875 0.63515625 0.14921875 0.2640625
6 0.11640625 0.52109375 0.1953125 0.1234375
6 0.1375 0.6234375 0.16796875 0.18984375
6 0.04140625 0.57578125 0.0828125 0.2046875
6 0.0546875 0.7609375 0.109375 0.2375
6 0.5734375 0.57890625 0.25234375 0.1828125
6 0.55625 0.89375 0.3125 0.2125
6 0.95546875 0.85859375 0.0890625 0.2828125