6 0.16875 0.50546875 0.28125 0.1484375
6 0.08828125 0.1234375 0.1765625 0.165625
6 0.234375 0.16015625 0.21875 0.18515625
6 0.11484375 0.29296875 0.2296875 0.2796875
6 0.0328125 0.43984375 0.065625 0.2453125
6 0.3390625 0.18125 0.040625 0.221875
6 0.33671875 0.22578125 0.0453125 0.1484375
6 0.6796875 0.28984375 0.640625 0.5796875
8 0.22578125 0.6390625 0.0890625 0.11875
8 0.33046875 0.61015625 0.0578125 0.0609375
8 0.1015625 0.70703125 0.10078125 0.11796875
8 0.171875 0.921875 0.14375 0.15625
6 0.77734375 0.83046875 0.4453125 0.3390625