6 0.28125 0.18046875 0.475 0.3609375
6 0.759375 0.29453125 0.48125 0.5890625
6 0.196875 0.7015625 0.39375 0.1875
6 0.23046875 0.92578125 0.33203125 0.1421875
6 0.46640625 0.95625 0.1046875 0.0875
8 0.603125 0.89375 0.115625 0.12734375
8 0.70546875 0.6859375 0.053125 0.0796875
8 0.72578125 0.61796875 0.0984375 0.0578125
8 0.60234375 0.628125 0.1015625 0.078125
8 0.815625 0.925 0.06953125 0.06484375
8 0.884375 0.91796875 0.0578125 0.1203125
8 0.93828125 0.8859375 0.09375 0.09609375
8 0.83359375 0.696875 0.08203125 0.115625
8 0.74765625 0.78359375 0.08203125 0.084375
8 0.67265625 0.78203125 0.09140625 0.134375