6 0.209375 0.3296875 0.41875 0.478125
6 0.79765625 0.1828125 0.240625 0.18984375
6 0.72578125 0.428125 0.3578125 0.28125
6 0.50859375 0.3984375 0.1796875 0.24375
6 0.51875 0.53125 0.2 0.075
6 0.52734375 0.09453125 0.2171875 0.1890625
6 0.75 0.0703125 0.290625 0.140625
6 0.9078125 0.475 0.184375 0.1875
6 0.278125 0.86953125 0.228125 0.2609375
6 0.121875 0.95859375 0.2125 0.0828125
6 0.34140625 0.6546875 0.1546875 0.171875
6 0.053125 0.85859375 0.10625 0.1859375
6 0.11484375 0.71640625 0.2296875 0.1390625
6 0.65234375 0.79140625 0.4671875 0.4171875