8 0.39921875 0.47265625 0.1546875 0.0921875
8 0.446875 0.38203125 0.21171875 0.125
8 0.05390625 0.315625 0.1078125 0.125
8 0.103125 0.475 0.084375 0.0875
8 0.56953125 0.0703125 0.0796875 0.140625
8 0.95234375 0.378125 0.0953125 0.11875
8 0.69453125 0.421875 0.0796875 0.1921875
8 0.496875 0.5546875 0.225 0.071875
8 0.26484375 0.565625 0.2140625 0.09375
8 0.034375 0.77578125 0.06875 0.3296875
8 0.5125 0.775 0.19375 0.303125
8 0.26171875 0.78046875 0.25703125 0.31953125
5 0.87109375 0.7328125 0.2578125 0.221875
5 0.80078125 0.88125 0.2453125 0.1609375
5 0.87578125 0.55703125 0.2484375 0.0765625