6 0.51875 0.43671875 0.140625 0.3640625
6 0.1875 0.5625 0.146875 0.1125
6 0.028125 0.090625 0.05625 0.18125
6 0.278125 0.20703125 0.115625 0.33671875
6 0.40859375 0.17109375 0.1203125 0.27421875
6 0.01875 0.37578125 0.0375 0.2796875
8 0.9140625 0.2515625 0.171875 0.39375
8 0.73125 0.18125 0.228125 0.25
8 0.64375 0.36796875 0.109375 0.2078125
8 0.81484375 0.5078125 0.10078125 0.1515625
6 0.0390625 0.87421875 0.078125 0.1296875
6 0.0578125 0.63671875 0.071875 0.0359375
6 0.7796875 0.74765625 0.38125 0.2578125