6 0.38203125 0.209375 0.1734375 0.33125
6 0.11953125 0.25 0.2390625 0.5
6 0.2234375 0.42734375 0.221875 0.1453125
6 0.390625 0.4265625 0.15625 0.146875
6 0.3234375 0.0984375 0.253125 0.196875
6 0.89296875 0.475 0.1109375 0.05
6 0.98203125 0.13203125 0.0359375 0.0671875
6 0.965625 0.2 0.06484375 0.1203125
6 0.90546875 0.2359375 0.08671875 0.09140625
6 0.871875 0.3265625 0.05546875 0.0890625
6 0.93046875 0.3375 0.1109375 0.103125
6 0.75 0.2828125 0.06953125 0.10078125
6 0.796875 0.11953125 0.0578125 0.09140625
6 0.32578125 0.86484375 0.1109375 0.18515625
6 0.8546875 0.75 0.2875 0.5
6 0.49609375 0.8296875 0.0546875 0.340625