8 0.175 0.23515625 0.125 0.21640625
8 0.4234375 0.1234375 0.09140625 0.20703125
8 0.05234375 0.30859375 0.06953125 0.1421875
8 0.03046875 0.54609375 0.0609375 0.0671875
8 0.53125 0.38515625 0.0375 0.2203125
8 0.309375 0.32578125 0.09609375 0.18046875
8 0.30390625 0.5203125 0.0671875 0.11875
8 0.12734375 0.55234375 0.1109375 0.0546875
8 0.07890625 0.17421875 0.08203125 0.11796875
8 0.1421875 0.10234375 0.103125 0.14921875
8 0.28671875 0.16328125 0.09140625 0.13203125
8 0.5140625 0.08984375 0.06015625 0.10078125
8 0.51328125 0.1578125 0.0734375 0.159375
8 0.39296875 0.540625 0.0609375 0.078125
8 0.775 0.30625 0.45 0.546875
8 0.19375 0.6921875 0.3875 0.225
8 0.4734375 0.6921875 0.153125 0.225
8 0.16484375 0.93046875 0.3296875 0.1390625
8 0.665625 0.6625 0.23125 0.165625