6 0.09296875 0.51015625 0.1859375 0.1578125
6 0.3078125 0.2578125 0.103125 0.409375
6 0.18046875 0.25859375 0.1078125 0.228125
6 0.21015625 0.0546875 0.1890625 0.109375
6 0.04140625 0.3109375 0.0828125 0.271875
6 0.57421875 0.5296875 0.2046875 0.11875
6 0.8375 0.303125 0.1875 0.3921875
6 0.671875 0.303125 0.103125 0.21875
6 0.69921875 0.0796875 0.1828125 0.159375
6 0.4828125 0.353125 0.1921875 0.259375
6 0.4921875 0.0703125 0.265625 0.140625
6 0.1796875 0.7703125 0.359375 0.3625
6 0.8140625 0.79453125 0.371875 0.4109375