8 0.24609375 0.34140625 0.31015625 0.3609375
8 0.51640625 0.0734375 0.2171875 0.146875
8 0.60703125 0.39296875 0.2046875 0.2359375
8 0.03515625 0.1078125 0.0703125 0.215625
8 0.08125 0.5453125 0.1625 0.109375
8 0.94453125 0.27890625 0.1109375 0.2078125
8 0.89453125 0.390625 0.1875 0.134375
8 0.97421875 0.48671875 0.0515625 0.2015625
8 0.66640625 0.6828125 0.0859375 0.153125
8 0.6421875 0.8734375 0.134375 0.228125
8 0.259375 0.753125 0.3296875 0.303125
8 0.075 0.940625 0.15 0.11875
8 0.2953125 0.96484375 0.146875 0.0703125
8 0.84921875 0.8 0.2796875 0.4