8 0.41640625 0.3265625 0.084375 0.1296875
8 0.28984375 0.4890625 0.071875 0.10546875
8 0.60625 0.55078125 0.10625 0.0953125
8 0.5015625 0.21953125 0.071875 0.1078125
8 0.4390625 0.13671875 0.0890625 0.1921875
8 0.9171875 0.18359375 0.165625 0.1921875
8 0.29296875 0.778125 0.2296875 0.31875
8 0.2921875 0.95234375 0.14375 0.0953125
8 0.0453125 0.890625 0.090625 0.21875
8 0.5875 0.84296875 0.14375 0.1484375
8 0.48515625 0.9015625 0.11328125 0.1734375
8 0.64140625 0.88671875 0.0359375 0.1578125
8 0.575 0.69140625 0.1109375 0.13671875
8 0.63203125 0.73984375 0.0546875 0.1015625
8 0.0796875 0.8078125 0.159375 0.240625
8 0.17890625 0.6515625 0.1859375 0.065625
8 0.42734375 0.66328125 0.1609375 0.0890625
8 0.7125 0.90234375 0.10625 0.1953125
8 0.953125 0.79296875 0.09375 0.3484375