8 0.234375 0.18984375 0.46875 0.3796875
8 0.790625 0.2515625 0.1875 0.25625
8 0.971875 0.253125 0.05625 0.19375
8 0.63984375 0.30703125 0.0921875 0.1453125
8 0.53671875 0.2375 0.1359375 0.228125
8 0.359375 0.7328125 0.1203125 0.28359375
8 0.2453125 0.6828125 0.1515625 0.40625
8 0.84375 0.96875 0.13125 0.0625
8 0.53203125 0.80546875 0.1265625 0.1328125
8 0.74453125 0.89375 0.1046875 0.2125
8 0.553125 0.9171875 0.1109375 0.12265625
8 0.5375 0.46484375 0.1375 0.1703125
8 0.8671875 0.83046875 0.1078125 0.1703125