7 0.20859375 0.21953125 0.4171875 0.4390625
7 0.890625 0.1015625 0.21875 0.203125
7 0.61796875 0.35078125 0.1921875 0.1765625
7 0.81015625 0.3140625 0.2015625 0.25
7 0.6015625 0.1296875 0.184375 0.259375
7 0.36953125 0.7015625 0.2546875 0.41796875
7 0.1203125 0.6875 0.21171875 0.48828125
7 0.36640625 0.96796875 0.1890625 0.0640625
7 0.12578125 0.96875 0.2296875 0.0625
6 0.76796875 0.49140625 0.1453125 0.1046875
6 0.56328125 0.55546875 0.1078125 0.2328125
6 0.73984375 0.6078125 0.1703125 0.2234375
6 0.85859375 0.73515625 0.2015625 0.21640625
6 0.81796875 0.9734375 0.2015625 0.053125
6 0.65390625 0.93359375 0.1359375 0.1328125
6 0.62421875 0.75 0.13671875 0.28359375
6 0.88359375 0.4984375 0.1859375 0.11875