6 0.0984375 0.04296875 0.1296875 0.0765625
6 0.2234375 0.05078125 0.115625 0.1015625
6 0.1453125 0.2390625 0.1390625 0.11796875
6 0.02109375 0.203125 0.0421875 0.13125
6 0.3953125 0.1484375 0.1421875 0.09140625
6 0.56171875 0.02265625 0.0765625 0.0453125
6 0.5703125 0.20703125 0.059375 0.0890625
6 0.68828125 0.20390625 0.1765625 0.4078125
6 0.2546875 0.703125 0.321875 0.13671875
6 0.18046875 0.93828125 0.3609375 0.0890625
6 0.46484375 0.85078125 0.2703125 0.1109375
6 0.0375 0.7515625 0.075 0.121875
6 0.9203125 0.79140625 0.159375 0.2390625
6 0.69765625 0.8 0.1953125 0.271875
6 0.76796875 0.91953125 0.2140625 0.1609375
6 0.91640625 0.94296875 0.1671875 0.1140625
6 0.76875 0.621875 0.184375 0.14375