7 0.2265625 0.028125 0.128125 0.05625
7 0.09609375 0.04609375 0.0671875 0.0921875
7 0.0625 0.49375 0.125 0.134375
7 0.21640625 0.6015625 0.2046875 0.15625
7 0.3734375 0.02734375 0.1375 0.0546875
7 0.84375 0.440625 0.3125 0.315625
7 0.59921875 0.4484375 0.1984375 0.303125
7 0.66328125 0.04921875 0.3265625 0.0984375
7 0.6953125 0.20859375 0.390625 0.2453125
7 0.90703125 0.05 0.1859375 0.1
7 0.93828125 0.18046875 0.1234375 0.2953125
7 0.9109375 0.61875 0.178125 0.121875
7 0.684375 0.61796875 0.3125 0.1234375
7 0.1 0.83984375 0.2 0.3203125
7 0.82578125 0.81953125 0.09609375 0.1828125
7 0.5765625 0.84765625 0.11796875 0.1875