8 0.12734375 0.41171875 0.115625 0.10078125
8 0.05546875 0.45703125 0.1109375 0.1046875
8 0.43671875 0.4203125 0.1046875 0.153125
8 0.409375 0.32734375 0.159375 0.1296875
8 0.2828125 0.4203125 0.115625 0.13671875
8 0.1890625 0.496875 0.090625 0.025
8 0.74453125 0.2546875 0.5109375 0.509375
8 0.24921875 0.5984375 0.0484375 0.115625
8 0.20234375 0.7140625 0.08671875 0.146875
8 0.1140625 0.90390625 0.08671875 0.12734375
8 0.20234375 0.89296875 0.08671875 0.1421875
8 0.36484375 0.69375 0.05546875 0.11328125
8 0.384375 0.790625 0.071875 0.11328125
8 0.346875 0.91953125 0.0765625 0.0890625
8 0.44609375 0.96484375 0.0796875 0.0703125
8 0.74453125 0.7171875 0.5109375 0.415625
8 0.74453125 0.8609375 0.5109375 0.278125