6 0.04609375 0.32734375 0.0921875 0.1640625
6 0.2375 0.34296875 0.084375 0.14921875
6 0.10859375 0.02734375 0.0640625 0.0546875
6 0.0484375 0.03828125 0.0875 0.0765625
6 0.02109375 0.12109375 0.0421875 0.0890625
6 0.07421875 0.1328125 0.1109375 0.103125
6 0.784375 0.15 0.2640625 0.27421875
6 0.9375 0.31328125 0.125 0.2734375
6 0.59921875 0.10390625 0.1984375 0.2078125
6 0.58984375 0.28515625 0.1796875 0.2015625
6 0.66015625 0.3953125 0.2984375 0.109375
6 0.30546875 0.86484375 0.15859375 0.24296875
6 0.3078125 0.62265625 0.084375 0.11796875
6 0.38671875 0.6015625 0.06015625 0.103125
6 0.03671875 0.6015625 0.0734375 0.1125
6 0.6734375 0.7046875 0.346875 0.36875
6 0.8984375 0.54453125 0.203125 0.1734375
6 0.615625 0.95546875 0.23125 0.0890625