6 0.3921875 0.05546875 0.015625 0.0578125
6 0.3296875 0.2203125 0.06953125 0.06015625
6 0.1703125 0.30390625 0.071875 0.08203125
6 0.0328125 0.1640625 0.065625 0.084375
6 0.01328125 0.45859375 0.0265625 0.0828125
6 0.0453125 0.3328125 0.0671875 0.09140625
6 0.65546875 0.27734375 0.21171875 0.30546875
6 0.50078125 0.13671875 0.2015625 0.2328125
6 0.9296875 0.0609375 0.140625 0.121875
6 0.925 0.1546875 0.15 0.16875
6 0.890625 0.32421875 0.21875 0.2296875
6 0.5015625 0.03125 0.1875 0.0625
8 0.25234375 0.8140625 0.2828125 0.371875
6 0.525 0.85859375 0.228125 0.2828125
6 0.76171875 0.87578125 0.24765625 0.24765625
6 0.865625 0.69453125 0.26875 0.1390625
6 0.61875 0.62734375 0.2140625 0.1828125
6 0.43828125 0.69453125 0.0765625 0.1390625
6 0.92890625 0.96015625 0.1421875 0.0796875