8 0.284375 0.25 0.56875 0.5
8 0.96640625 0.33203125 0.0671875 0.3359375
8 0.7875 0.34296875 0.16328125 0.26171875
8 0.63828125 0.16796875 0.09375 0.13671875
8 0.0921875 0.81796875 0.184375 0.1796875
8 0.178125 0.678125 0.09375 0.2015625
8 0.23671875 0.69765625 0.08671875 0.16328125
8 0.2875 0.9796875 0.165625 0.040625
8 0.1375 0.975 0.084375 0.05
8 0.41015625 0.8234375 0.09609375 0.1203125
8 0.3484375 0.815625 0.05546875 0.16328125
8 0.69921875 0.76484375 0.14921875 0.23046875
8 0.7453125 0.6046875 0.2046875 0.1203125
8 0.9546875 0.634375 0.090625 0.125