6 0.40078125 0.08125 0.1859375 0.1625
6 0.18046875 0.13046875 0.16796875 0.14453125
6 0.46953125 0.3875 0.21875 0.19453125
6 0.096875 0.4828125 0.19375 0.071875
6 0.52421875 0.02265625 0.1421875 0.0453125
6 0.77734375 0.2484375 0.2453125 0.1921875
6 0.8328125 0.43671875 0.334375 0.1640625
6 0.96953125 0.15625 0.0609375 0.19375
6 0.8234375 0.103125 0.29375 0.20625
6 0.50078125 0.5328125 0.1484375 0.028125
6 0.1515625 0.5828125 0.128125 0.128125
6 0.03125 0.603125 0.0625 0.16875
6 0.22421875 0.77421875 0.10078125 0.19921875
6 0.621875 0.72109375 0.034375 0.1390625
6 0.571875 0.9640625 0.134375 0.071875
6 0.32734375 0.64453125 0.103125 0.13203125
6 0.4140625 0.6546875 0.07421875 0.18984375
6 0.3890625 0.9125 0.096875 0.175
6 0.50703125 0.8609375 0.1203125 0.14453125
6 0.14375 0.9609375 0.165625 0.078125
6 0.25859375 0.95703125 0.1078125 0.0859375
6 0.86953125 0.59375 0.2609375 0.15
6 0.75 0.94375 0.165625 0.1125
6 0.9125 0.9609375 0.084375 0.078125