8 0.19765625 0.04765625 0.2109375 0.0953125
8 0.06875 0.10625 0.09375 0.2125
8 0.4359375 0.03046875 0.115625 0.0609375
8 0.95078125 0.2046875 0.0984375 0.115625
8 0.86953125 0.05390625 0.1109375 0.1078125
8 0.7109375 0.21171875 0.115625 0.09609375
8 0.63125 0.16328125 0.12734375 0.1109375
8 0.44296875 0.25703125 0.06484375 0.10078125
8 0.159375 0.70546875 0.31875 0.5890625
8 0.41953125 0.5140625 0.2015625 0.390625
8 0.7125 0.4796875 0.340625 0.321875
8 0.878125 0.83203125 0.22109375 0.26171875
8 0.459375 0.85859375 0.13203125 0.17578125