6 0.1953125 0.36328125 0.390625 0.4109375
6 0.24921875 0.1515625 0.4515625 0.303125
6 0.75 0.21171875 0.340625 0.4234375
8 0.5359375 0.6875 0.0875 0.2375
8 0.31015625 0.8234375 0.19453125 0.209375
8 0.50546875 0.95 0.1171875 0.1
8 0.27421875 0.6 0.0578125 0.0625
8 0.12578125 0.64296875 0.0640625 0.1484375
8 0.15234375 0.8796875 0.07421875 0.134375
8 0.04140625 0.82890625 0.0828125 0.1265625
6 0.8015625 0.93984375 0.159375 0.1203125
6 0.8046875 0.76015625 0.084375 0.11796875
6 0.88359375 0.7390625 0.06015625 0.103125