5 0.79140625 0.446875 0.4171875 0.365625
5 0.84765625 0.1296875 0.3046875 0.259375
8 0.1109375 0.71484375 0.1 0.1703125
8 0.23984375 0.85546875 0.15859375 0.19453125
8 0.2828125 0.71484375 0.146875 0.1703125
8 0.33203125 0.646875 0.1078125 0.034375
8 0.43984375 0.884375 0.12265625 0.18046875
8 0.04140625 0.9296875 0.0828125 0.140625
5 0.9515625 0.70234375 0.096875 0.1453125
5 0.95859375 0.87578125 0.0828125 0.1734375
5 0.7875 0.9140625 0.1875 0.171875
5 0.64921875 0.77109375 0.1203125 0.209375
5 0.71953125 0.66953125 0.1390625 0.0796875