7 0.31484375 0.284375 0.6296875 0.56875
7 0.81484375 0.284375 0.3703125 0.56875
6 0.2953125 0.74375 0.12734375 0.21171875
6 0.3515625 0.63203125 0.1 0.1265625
6 0.45390625 0.596875 0.0953125 0.05625
6 0.5390625 0.78515625 0.0765625 0.1390625
6 0.5953125 0.83125 0.06875 0.115625
6 0.58984375 0.90859375 0.0796875 0.0796875
6 0.384375 0.98046875 0.121875 0.0390625
6 0.525 0.959375 0.096875 0.08125
6 0.07734375 0.90546875 0.13203125 0.14921875
6 0.1953125 0.76484375 0.13671875 0.196875
6 0.05 0.64921875 0.075 0.1609375
6 0.25 0.62109375 0.128125 0.1046875
6 0.46953125 0.740625 0.07421875 0.146875
7 0.77265625 0.81015625 0.2859375 0.3796875