8 0.1765625 0.22734375 0.353125 0.4546875
8 0.04609375 0.22578125 0.0921875 0.4515625
8 0.08046875 0.4234375 0.1609375 0.090625
8 0.30859375 0.43046875 0.2609375 0.0765625
8 0.55546875 0.28828125 0.2328125 0.3609375
8 0.846875 0.28828125 0.30625 0.3609375
8 0.33984375 0.52734375 0.115625 0.084375
8 0.03515625 0.50234375 0.0703125 0.0671875
8 0.046875 0.57734375 0.09375 0.0734375
8 0.13046875 0.63828125 0.084375 0.10078125
8 0.0328125 0.73203125 0.065625 0.0796875
8 0.3515625 0.75078125 0.10078125 0.08671875
8 0.32421875 0.6203125 0.12734375 0.0625
8 0.38984375 0.66328125 0.0984375 0.0796875
8 0.28671875 0.6859375 0.10078125 0.0796875