6 0.3046875 0.19453125 0.609375 0.3890625
6 0.85078125 0.375 0.1203125 0.028125
6 0.89140625 0.16640625 0.071875 0.08203125
6 0.7390625 0.03359375 0.09375 0.0671875
6 0.70390625 0.3265625 0.08203125 0.0890625
6 0.6953125 0.203125 0.06015625 0.09609375
6 0.765625 0.1953125 0.06953125 0.09140625
6 0.196875 0.8703125 0.2625 0.259375
6 0.478125 0.8421875 0.2625 0.315625
6 0.478125 0.94140625 0.221875 0.1171875
6 0.540625 0.43046875 0.1375 0.0828125
6 0.4171875 0.453125 0.20625 0.128125
6 0.515625 0.55390625 0.1875 0.2640625
6 0.1234375 0.6109375 0.15625 0.165625
6 0.02890625 0.62890625 0.0578125 0.2484375
6 0.0453125 0.7625 0.090625 0.196875
6 0.25546875 0.471875 0.1609375 0.165625
6 0.284375 0.490625 0.115625 0.1421875
6 0.92421875 0.93515625 0.1515625 0.1296875
6 0.80546875 0.96640625 0.1234375 0.0671875
6 0.83671875 0.8265625 0.11328125 0.24765625
6 0.96328125 0.65625 0.0734375 0.175
6 0.83203125 0.46796875 0.1296875 0.1578125
6 0.78828125 0.6046875 0.16328125 0.14453125
6 0.6859375 0.75078125 0.13671875 0.115625