6 0.2890625 0.16484375 0.12734375 0.271875
6 0.1421875 0.32421875 0.209375 0.3703125
6 0.41171875 0.2390625 0.1546875 0.290625
6 0.3421875 0.38984375 0.209375 0.2390625
6 0.05859375 0.09375 0.11328125 0.12734375
6 0.02734375 0.20546875 0.0546875 0.2359375
6 0.4125 0.54375 0.153125 0.06875
6 0.46640625 0.69609375 0.0453125 0.2640625
6 0.0578125 0.85390625 0.115625 0.2546875
6 0.19296875 0.93203125 0.1703125 0.1359375
6 0.19609375 0.57109375 0.2140625 0.1234375
6 0.33828125 0.628125 0.27421875 0.2359375
6 0.75703125 0.88828125 0.209375 0.22109375
6 0.53125 0.771875 0.084375 0.315625