6 0.11796875 0.24453125 0.2359375 0.4890625
6 0.79765625 0.31953125 0.1078125 0.17578125
6 0.821875 0.0515625 0.059375 0.103125
6 0.603125 0.09296875 0.0578125 0.0984375
6 0.71484375 0.025 0.0453125 0.05
6 0.72890625 0.1671875 0.08203125 0.10546875
6 0.63984375 0.33046875 0.0625 0.0890625
6 0.93828125 0.2859375 0.0890625 0.11796875
6 0.503125 0.771875 0.09375 0.45625
6 0.08828125 0.890625 0.14921875 0.1609375
6 0.25078125 0.96640625 0.1328125 0.0671875
6 0.35703125 0.9078125 0.10546875 0.1734375
6 0.8546875 0.671875 0.290625 0.365625