8 0.57578125 0.4453125 0.1703125 0.36875
8 0.3453125 0.43984375 0.16328125 0.26171875
8 0.35703125 0.5859375 0.4546875 0.0875
8 0.19609375 0.26484375 0.09375 0.13671875
8 0.9140625 0.35546875 0.1390625 0.18984375
8 0.89765625 0.1828125 0.2046875 0.153125
8 0.80859375 0.0765625 0.10546875 0.14453125
8 0.7171875 0.85390625 0.04375 0.1078125
8 0.2625 0.94140625 0.0625 0.1171875
8 0.47421875 0.7375 0.06484375 0.103125
8 0.5875 0.6703125 0.05625 0.08125
8 0.58515625 0.98359375 0.0984375 0.0328125
5 0.84453125 0.81484375 0.2109375 0.3703125