8 0.059375 0.253125 0.11875 0.16875
8 0.3515625 0.128125 0.034375 0.1875
8 0.1171875 0.48984375 0.234375 0.1203125
8 0.30078125 0.45234375 0.1359375 0.1953125
8 0.92578125 0.434375 0.1484375 0.23125
8 0.72265625 0.434375 0.2171875 0.23125
8 0.48125 0.4234375 0.225 0.253125
8 0.4671875 0.1484375 0.196875 0.259375
8 0.684375 0.13671875 0.1875 0.2734375
8 0.9015625 0.14296875 0.196875 0.2859375
8 0.0421875 0.95078125 0.084375 0.0984375
8 0.06171875 0.65 0.1234375 0.15625
8 0.340625 0.90703125 0.05625 0.1859375