8 0.21171875 0.0578125 0.11328125 0.0984375
8 0.134375 0.115625 0.125 0.1296875
8 0.4359375 0.30078125 0.13671875 0.196875
8 0.52109375 0.07109375 0.1171875 0.1421875
8 0.4859375 0.01953125 0.15625 0.0390625
8 0.36328125 0.06640625 0.11328125 0.13203125
8 0.6265625 0.35546875 0.046875 0.0890625
8 0.6140625 0.26640625 0.071875 0.1671875
8 0.63125 0.05703125 0.0375 0.1140625
8 0.0921875 0.28125 0.1828125 0.16328125
8 0.271875 0.178125 0.08671875 0.10078125
8 0.22109375 0.30703125 0.08671875 0.12265625
8 0.8421875 0.13046875 0.24375 0.2609375
8 0.02109375 0.63515625 0.0421875 0.1390625
8 0.40859375 0.43515625 0.0953125 0.0703125
8 0.12734375 0.9296875 0.0796875 0.12265625
8 0.7328125 0.46328125 0.165625 0.1265625