7 0.284375 0.1984375 0.196875 0.396875
7 0.51953125 0.2109375 0.2390625 0.421875
7 0.11796875 0.20625 0.1234375 0.4125
6 0.90078125 0.175 0.1984375 0.278125
6 0.8234375 0.053125 0.15 0.10625
6 0.7265625 0.1171875 0.175 0.234375
6 0.71875 0.33125 0.14375 0.275
6 0.8765625 0.378125 0.21875 0.18125
7 0.065625 0.73984375 0.13125 0.2484375
7 0.290625 0.7109375 0.26953125 0.1921875
7 0.56484375 0.73828125 0.1484375 0.2703125
7 0.23828125 0.925 0.1265625 0.15
7 0.42265625 0.59296875 0.1390625 0.125
7 0.915625 0.51484375 0.11875 0.0921875
7 0.6859375 0.57578125 0.09375 0.1515625