5 0.05703125 0.309375 0.1140625 0.61875
5 0.3171875 0.296875 0.34375 0.59375
5 0.70859375 0.2515625 0.4390625 0.503125
5 0.434375 0.75625 0.09609375 0.11796875
5 0.12734375 0.95078125 0.0796875 0.0984375
5 0.31953125 0.65625 0.0890625 0.075
5 0.371875 0.88828125 0.084375 0.11796875
5 0.37734375 0.98828125 0.0734375 0.0234375
5 0.21640625 0.9625 0.0765625 0.075
5 0.128125 0.70390625 0.0765625 0.09140625
5 0.0234375 0.92578125 0.046875 0.1140625
5 0.04921875 0.63671875 0.0796875 0.0359375
5 0.73046875 0.809375 0.4828125 0.38125