5 0.1109375 0.09765625 0.22109375 0.14921875
5 0.06328125 0.3 0.1265625 0.1875
5 0.0578125 0.4921875 0.1109375 0.165625
5 0.2375 0.51328125 0.178125 0.1328125
5 0.3703125 0.38984375 0.115625 0.2015625
5 0.47890625 0.2015625 0.1734375 0.196875
5 0.303125 0.2484375 0.134375 0.16796875
5 0.37734375 0.0328125 0.1734375 0.065625
5 0.75859375 0.28984375 0.3796875 0.5796875
5 0.284375 0.78984375 0.56875 0.4203125
8 0.97734375 0.90625 0.0453125 0.1875
8 0.77265625 0.71796875 0.103125 0.16796875
8 0.88515625 0.94921875 0.1140625 0.1015625
8 0.67421875 0.70078125 0.1203125 0.2421875
8 0.97890625 0.753125 0.0421875 0.15625