6 0.55390625 0.471875 0.2140625 0.234375
6 0.65703125 0.2734375 0.1453125 0.315625
6 0.24296875 0.1921875 0.22578125 0.22578125
6 0.2875 0.41953125 0.23828125 0.271875
6 0.484375 0.37421875 0.196875 0.2984375
6 0.08515625 0.39375 0.1703125 0.375
6 0.83125 0.253125 0.125 0.24296875
6 0.8359375 0.475 0.153125 0.228125
6 0.75 0.24921875 0.040625 0.2296875
6 0.93984375 0.275 0.1203125 0.428125
8 0.25234375 0.8953125 0.3671875 0.209375
8 0.03125 0.8203125 0.0625 0.359375
8 0.6203125 0.83046875 0.21875 0.3390625
8 0.42734375 0.75546875 0.1796875 0.3328125
6 0.98046875 0.80703125 0.0390625 0.1859375
6 0.83359375 0.86796875 0.16796875 0.14453125
6 0.77421875 0.70859375 0.0890625 0.2390625