8 0.3578125 0.21640625 0.084375 0.4328125
8 0.34375 0.4109375 0.1125 0.215625
8 0.94375 0.26484375 0.1125 0.2140625
8 0.63125 0.15 0.11796875 0.1203125
8 0.54140625 0.33046875 0.11328125 0.196875
8 0.68203125 0.4734375 0.1234375 0.090625
8 0.76484375 0.42578125 0.12734375 0.16796875
8 0.6734375 0.34296875 0.11796875 0.1703125
8 0.2671875 0.94296875 0.265625 0.1140625
8 0.80234375 0.778125 0.10078125 0.12734375
8 0.54296875 0.56953125 0.0484375 0.1015625
8 0.58046875 0.98515625 0.0578125 0.0296875