7 0.29453125 0.22890625 0.5890625 0.4578125
7 0.79453125 0.2296875 0.4109375 0.459375
7 0.29453125 0.7296875 0.5890625 0.540625
6 0.66953125 0.62109375 0.13203125 0.22109375
6 0.72890625 0.515625 0.1046875 0.1125
6 0.925 0.665625 0.08203125 0.146875
6 0.97421875 0.71328125 0.0515625 0.1203125
6 0.9671875 0.79375 0.065625 0.08125
6 0.76328125 0.92265625 0.1296875 0.14921875
6 0.91015625 0.878125 0.0984375 0.14921875
6 0.61328125 0.64296875 0.0484375 0.2046875
6 0.63984375 0.50390625 0.1015625 0.0890625
6 0.8515625 0.61875 0.0796875 0.1515625