7 0.41796875 0.490625 0.1234375 0.096875
7 0.15546875 0.39453125 0.134375 0.1421875
6 0.77109375 0.21484375 0.27421875 0.28828125
6 0.6578125 0.071875 0.153125 0.14375
6 0.5640625 0.1375 0.16875 0.275
6 0.55234375 0.38359375 0.1453125 0.2984375
6 0.7140625 0.4265625 0.22578125 0.18984375
6 0.9421875 0.39296875 0.115625 0.2484375
6 0.89765625 0.471875 0.1890625 0.134375
6 0.940625 0.06875 0.11875 0.1375
6 0.85 0.065625 0.134375 0.13125
7 0.27734375 0.92734375 0.3296875 0.1453125
7 0.3953125 0.77421875 0.16875 0.2671875
7 0.61015625 0.76953125 0.2609375 0.4609375