8 0.0421875 0.0328125 0.071875 0.065625
8 0.046875 0.309375 0.0671875 0.115625
8 0.14765625 0.2796875 0.0796875 0.134375
8 0.46640625 0.6328125 0.0703125 0.134375
8 0.46640625 0.496875 0.0578125 0.09609375
8 0.2453125 0.5984375 0.06484375 0.0984375
8 0.9765625 0.46015625 0.046875 0.1296875
8 0.74296875 0.2484375 0.0484375 0.11328125
8 0.78046875 0.67734375 0.0578125 0.0453125
8 0.6046875 0.6359375 0.009375 0.09375
8 0.0875 0.89375 0.175 0.2125
8 0.38359375 0.88828125 0.2453125 0.2234375
8 0.75546875 0.81015625 0.09140625 0.12265625
8 0.66328125 0.975 0.1015625 0.05
8 0.71796875 0.7328125 0.1734375 0.065625
8 0.88359375 0.953125 0.1078125 0.09375