6 0.23828125 0.24296875 0.4765625 0.4859375
6 0.7546875 0.346875 0.490625 0.54375
6 0.09453125 0.784375 0.1890625 0.25
6 0.45 0.90390625 0.11875 0.1921875
6 0.421875 0.63828125 0.146875 0.0390625
8 0.70625 0.771875 0.08671875 0.1078125
8 0.934375 0.8578125 0.115625 0.12734375
8 0.5515625 0.8234375 0.084375 0.096875
8 0.81953125 0.9515625 0.1046875 0.096875
8 0.64453125 0.97421875 0.0578125 0.0515625
8 0.69140625 0.88125 0.10078125 0.0984375
8 0.66015625 0.67890625 0.12265625 0.1109375
8 0.77734375 0.64453125 0.0578125 0.0515625
8 0.97890625 0.7453125 0.0421875 0.134375