8 0.48984375 0.23515625 0.31015625 0.3609375
8 0.15703125 0.0546875 0.3140625 0.109375
8 0.87109375 0.30625 0.1640625 0.265625
8 0.15625 0.603125 0.115625 0.084375
8 0.5 0.48359375 0.121875 0.0890625
8 0.77890625 0.65546875 0.0203125 0.0953125
8 0.76875 0.93515625 0.040625 0.1296875
8 0.6765625 0.78984375 0.1078125 0.115625
8 0.58984375 0.63125 0.1109375 0.12265625
8 0.43125 0.79609375 0.115625 0.09609375
8 0.3515625 0.74765625 0.12734375 0.1109375
8 0.315625 0.528125 0.115625 0.146875
8 0.16328125 0.84140625 0.06484375 0.10078125
8 0.13515625 0.9765625 0.0796875 0.046875
8 0.89453125 0.71953125 0.2109375 0.5609375