5 0.23515625 0.24375 0.4671875 0.4875
5 0.67578125 0.0328125 0.2234375 0.065625
5 0.740625 0.196875 0.165625 0.18984375
5 0.728125 0.3890625 0.1109375 0.16796875
5 0.5625 0.44453125 0.146875 0.2046875
5 0.51875 0.14296875 0.059375 0.1671875
5 0.97265625 0.4984375 0.0546875 0.203125
5 0.915625 0.23046875 0.12734375 0.25703125
5 0.784375 0.57578125 0.1375 0.0484375
5 0.85703125 0.45390625 0.1421875 0.1078125
8 0.26875 0.91328125 0.15625 0.1734375
8 0.22109375 0.78203125 0.2140625 0.12734375
8 0.0234375 0.81328125 0.046875 0.1296875
8 0.71171875 0.81640625 0.3515625 0.3671875