6 0.184375 0.23671875 0.36875 0.4734375
6 0.68984375 0.29453125 0.5171875 0.5890625
8 0.14140625 0.8453125 0.15390625 0.125
8 0.2265625 0.74296875 0.134375 0.11796875
8 0.0828125 0.765625 0.11796875 0.10546875
8 0.1453125 0.62890625 0.121875 0.0796875
6 0.77265625 0.64609375 0.2328125 0.1140625
6 0.95546875 0.79453125 0.0890625 0.4109375
6 0.92890625 0.925 0.1421875 0.15
6 0.84140625 0.95078125 0.3171875 0.0984375
6 0.7125 0.82421875 0.284375 0.3515625
6 0.4765625 0.88046875 0.215625 0.2390625
6 0.43828125 0.69453125 0.1390625 0.2109375