6 0.44453125 0.0625 0.1703125 0.125
6 0.4890625 0.453125 0.08125 0.353125
6 0.26796875 0.52578125 0.2453125 0.2078125
6 0.34140625 0.25 0.2953125 0.23046875
6 0.98359375 0.4015625 0.0328125 0.16875
6 0.615625 0.44296875 0.0765625 0.0671875
6 0.75625 0.49375 0.06953125 0.06953125
6 0.9234375 0.615625 0.053125 0.028125
8 0.08671875 0.65390625 0.1734375 0.0484375
8 0.2734375 0.72109375 0.11796875 0.1421875
8 0.18203125 0.8796875 0.103125 0.2046875
6 0.82734375 0.809375 0.3453125 0.359375
6 0.70546875 0.89609375 0.3515625 0.2078125
6 0.60390625 0.73671875 0.1484375 0.2140625