8 0.3328125 0.1734375 0.16328125 0.2359375
8 0.01953125 0.2921875 0.0390625 0.165625
8 0.04609375 0.371875 0.0921875 0.134375
8 0.06953125 0.028125 0.1109375 0.05625
8 0.4609375 0.23359375 0.05625 0.2171875
8 0.36015625 0.50625 0.1078125 0.125
8 0.45703125 0.490625 0.0640625 0.15625
8 0.1734375 0.5359375 0.14375 0.065625
8 0.2640625 0.38828125 0.15625 0.134375
8 0.19296875 0.13359375 0.084375 0.18515625
8 0.0859375 0.24296875 0.09140625 0.115625
8 0.64140625 0.284375 0.3046875 0.56875
5 0.24609375 0.6609375 0.2640625 0.184375
5 0.771875 0.75078125 0.45625 0.3640625