6 0.4046875 0.421875 0.09140625 0.0890625
6 0.471875 0.50234375 0.10078125 0.115625
6 0.54765625 0.34609375 0.0765625 0.1203125
6 0.5375 0.4328125 0.08203125 0.06484375
6 0.5671875 0.63828125 0.04375 0.1453125
6 0.46015625 0.68046875 0.0984375 0.09375
6 0.3578125 0.6671875 0.0671875 0.07421875
6 0.2609375 0.63359375 0.0625 0.12734375
6 0.18828125 0.6546875 0.084375 0.09375
6 0.15234375 0.45390625 0.09140625 0.134375
6 0.078125 0.421875 0.13203125 0.10546875
6 0.24375 0.25234375 0.14921875 0.1390625
6 0.384375 0.0984375 0.12734375 0.115625
6 0.39375 0.271875 0.05546875 0.0765625
6 0.45625 0.24296875 0.08203125 0.10546875
6 0.50703125 0.1671875 0.08203125 0.10078125
6 0.55859375 0.1484375 0.0609375 0.1375
6 0.5765625 0.309375 0.025 0.10625
6 0.29921875 0.75625 0.0890625 0.025
6 0.25 0.72421875 0.071875 0.0890625
6 0.19296875 0.71875 0.0609375 0.1
6 0.11640625 0.70390625 0.09609375 0.10078125
6 0.303125 0.37578125 0.071875 0.06015625
6 0.89921875 0.53359375 0.125 0.11328125
6 0.7609375 0.70546875 0.09375 0.07421875
6 0.7921875 0.23203125 0.0578125 0.0625
8 0.32265625 0.884375 0.3578125 0.23125
6 0.78203125 0.9625 0.3859375 0.075
6 0.80078125 0.884375 0.3984375 0.23125