8 0.49765625 0.40078125 0.11328125 0.12734375
8 0.55703125 0.0171875 0.1390625 0.034375
8 0.625 0.20703125 0.0875 0.1765625
8 0.80703125 0.19296875 0.2765625 0.3859375
8 0.29609375 0.5046875 0.1515625 0.05
8 0.57109375 0.66953125 0.1953125 0.2484375
8 0.4703125 0.86015625 0.2046875 0.25703125
8 0.378125 0.5953125 0.1609375 0.18984375
8 0.51171875 0.5578125 0.1515625 0.15625
8 0.090625 0.55390625 0.121875 0.1484375
8 0.0734375 0.81328125 0.146875 0.3140625
8 0.178125 0.72421875 0.1390625 0.2328125
8 0.75 0.671875 0.1625 0.384375