8 0.07421875 0.1609375 0.1484375 0.321875
8 0.7328125 0.3671875 0.11875 0.125
8 0.884375 0.06328125 0.221875 0.1265625
8 0.6859375 0.0828125 0.084375 0.165625
8 0.56171875 0.10625 0.165625 0.209375
8 0.59609375 0.26171875 0.17578125 0.15859375
8 0.09296875 0.7625 0.18046875 0.27890625
8 0.21640625 0.95625 0.2421875 0.0875
5 0.7625 0.78828125 0.27421875 0.22109375
5 0.49921875 0.765625 0.178125 0.1828125
5 0.83984375 0.92734375 0.2484375 0.1453125
5 0.52578125 0.90859375 0.2515625 0.1703125
5 0.48828125 0.46015625 0.1765625 0.0609375
5 0.728125 0.5390625 0.321875 0.21875