8 0.3609375 0.1140625 0.0375 0.15625
8 0.3484375 0.35078125 0.0625 0.1984375
8 0.2453125 0.3140625 0.13671875 0.3390625
8 0.86796875 0.27109375 0.18515625 0.303125
8 0.6578125 0.29375 0.13203125 0.2671875
8 0.4921875 0.42734375 0.18046875 0.17578125
8 0.73046875 0.48671875 0.1734375 0.0859375
8 0.2578125 0.75 0.1203125 0.071875
8 0.3234375 0.89765625 0.09609375 0.09140625
8 0.0953125 0.8578125 0.08203125 0.1078125
8 0.18828125 0.8515625 0.0765625 0.09609375
8 0.10234375 0.67734375 0.10078125 0.14453125
8 0.775 0.76484375 0.45 0.4703125