8 0.06953125 0.2984375 0.0984375 0.16796875
8 0.1828125 0.30703125 0.1078125 0.1515625
8 0.2296875 0.0375 0.09375 0.075
8 0.48203125 0.0765625 0.0796875 0.153125
8 0.42421875 0.32578125 0.0828125 0.1265625
8 0.96015625 0.1828125 0.0796875 0.103125
8 0.2484375 0.934375 0.103125 0.13125
8 0.4171875 0.75078125 0.0625 0.1390625
8 0.209375 0.53671875 0.06484375 0.103125
8 0.0953125 0.45 0.05625 0.121875
8 0.0984375 0.815625 0.0984375 0.10546875
8 0.84609375 0.803125 0.12265625 0.23046875
8 0.746875 0.44609375 0.115625 0.1140625
8 0.89375 0.465625 0.0875 0.153125
8 0.96875 0.48984375 0.0625 0.2015625
8 0.94765625 0.64140625 0.1046875 0.1609375