6 0.24453125 0.23984375 0.4890625 0.4796875
6 0.66015625 0.03984375 0.1328125 0.0796875
6 0.7609375 0.175 0.12734375 0.13203125
6 0.9 0.196875 0.103125 0.16796875
6 0.6875 0.3671875 0.10078125 0.19921875
6 0.58359375 0.2390625 0.103125 0.13203125
6 0.51171875 0.246875 0.0453125 0.190625
6 0.5296875 0.4484375 0.08125 0.0625
6 0.95703125 0.44921875 0.0859375 0.0609375
6 0.24453125 0.7546875 0.4890625 0.490625
6 0.87578125 0.79765625 0.2484375 0.4046875
6 0.5390625 0.8015625 0.1 0.228125
6 0.7390625 0.5296875 0.275 0.1
6 0.90625 0.52890625 0.1875 0.0984375