8 0.35703125 0.45 0.1890625 0.178125
8 0.18984375 0.43203125 0.1171875 0.2140625
8 0.078125 0.37734375 0.15 0.3234375
5 0.82421875 0.434375 0.2734375 0.209375
5 0.8109375 0.02421875 0.278125 0.0484375
5 0.84921875 0.18515625 0.3015625 0.2328125
8 0.084375 0.615625 0.10625 0.153125
8 0.2921875 0.60625 0.121875 0.134375
8 0.234375 0.89453125 0.15625 0.2109375
8 0.55078125 0.60390625 0.0828125 0.1296875
8 0.69453125 0.80390625 0.16328125 0.1703125
8 0.54921875 0.80546875 0.0796875 0.1921875
8 0.815625 0.59140625 0.09375 0.1046875
8 0.7546875 0.59765625 0.053125 0.1171875