8 0.31015625 0.3484375 0.0171875 0.103125
8 0.27109375 0.34921875 0.06953125 0.10546875
8 0.040625 0.1359375 0.08125 0.1125
8 0.29453125 0.196875 0.0484375 0.11875
8 0.24375 0.075 0.0625 0.06953125
8 0.0765625 0.421875 0.11328125 0.11328125
8 0.1734375 0.03125 0.0625 0.0625
8 0.1296875 0.23984375 0.05546875 0.09609375
8 0.14375 0.33515625 0.06484375 0.06484375
8 0.0359375 0.23828125 0.071875 0.0578125
8 0.12734375 0.5234375 0.0640625 0.053125
8 0.20390625 0.41640625 0.07421875 0.06953125
8 0.2984375 0.475 0.040625 0.090625
8 0.53515625 0.059375 0.2453125 0.11875
8 0.45078125 0.23828125 0.16796875 0.21171875
8 0.6765625 0.775 0.646875 0.45