6 0.26875 0.0421875 0.284375 0.084375
6 0.07890625 0.06015625 0.1578125 0.1203125
6 0.0875 0.17734375 0.175 0.2640625
6 0.26328125 0.1734375 0.25703125 0.3125
7 0.784375 0.259375 0.43125 0.51875
7 0.490625 0.759375 0.15625 0.48125
6 0.60078125 0.88828125 0.0640625 0.2109375
6 0.62734375 0.75078125 0.10078125 0.18046875
6 0.7296875 0.65546875 0.09609375 0.23046875
6 0.8140625 0.93046875 0.0765625 0.1390625
6 0.87109375 0.959375 0.0703125 0.08125
6 0.97109375 0.94609375 0.0578125 0.1078125
6 0.74453125 0.8859375 0.07421875 0.146875