6 0.39375 0.09375 0.0625 0.11328125
6 0.96171875 0.07265625 0.0765625 0.1453125
6 0.81875 0.078125 0.184375 0.15625
6 0.77890625 0.5015625 0.2390625 0.25625
6 0.9484375 0.49609375 0.103125 0.2671875
6 0.81015625 0.315625 0.2359375 0.28828125
6 0.6671875 0.16796875 0.14921875 0.1734375
6 0.5625 0.19609375 0.065625 0.3765625
6 0.63046875 0.33515625 0.18515625 0.21640625
6 0.603125 0.4859375 0.146875 0.2875
6 0.67109375 0.03828125 0.1609375 0.0765625
6 0.16953125 0.8765625 0.19453125 0.2453125
6 0.3390625 0.94296875 0.165625 0.1140625
6 0.34296875 0.646875 0.2046875 0.034375
6 0.43828125 0.7 0.1828125 0.140625
6 0.71328125 0.82265625 0.08671875 0.0796875
6 0.5765625 0.86796875 0.08671875 0.1921875