8 0.13828125 0.39609375 0.1609375 0.1890625
8 0.11640625 0.57734375 0.1328125 0.0828125
8 0.1125 0.1453125 0.1203125 0.25703125
8 0.18984375 0.125 0.0578125 0.21875
8 0.43203125 0.45390625 0.15390625 0.1390625
8 0.36640625 0.228125 0.16796875 0.240625
8 0.8984375 0.20390625 0.1875 0.1921875
8 0.765625 0.0390625 0.121875 0.078125
8 0.64453125 0.0484375 0.1421875 0.096875
8 0.74375 0.3375 0.1515625 0.1828125
8 0.96484375 0.50703125 0.0703125 0.1296875
8 0.06484375 0.80234375 0.1296875 0.1359375
5 0.5453125 0.7125 0.271875 0.1875
5 0.80546875 0.690625 0.1765625 0.14375
5 0.46796875 0.84375 0.2453125 0.1609375
5 0.80078125 0.81640625 0.29296875 0.1703125