8 0.63203125 0.1984375 0.0953125 0.084375
8 0.25078125 0.290625 0.0765625 0.0890625
8 0.16796875 0.22890625 0.1078125 0.11796875
8 0.26015625 0.184375 0.084375 0.11328125
8 0.33046875 0.165625 0.0765625 0.08671875
8 0.33984375 0.25078125 0.103125 0.0765625
8 0.4296875 0.31171875 0.08671875 0.103125
8 0.09921875 0.35234375 0.0671875 0.0546875
8 0.02421875 0.340625 0.0484375 0.078125
8 0.0828125 0.284375 0.06953125 0.0671875
8 0.19140625 0.36640625 0.1078125 0.0265625
8 0.6203125 0.29296875 0.11875 0.0671875
8 0.66328125 0.3375 0.0328125 0.08125
8 0.5890625 0.34921875 0.103125 0.0609375
5 0.8625 0.11484375 0.275 0.1390625
5 0.8296875 0.29140625 0.3 0.1765625
5 0.33984375 0.68984375 0.6796875 0.6203125
8 0.83125 0.6296875 0.2015625 0.32421875
8 0.96171875 0.57890625 0.0765625 0.3015625
8 0.96171875 0.85546875 0.0765625 0.1984375