8 0.2640625 0.10625 0.15390625 0.1875
8 0.36015625 0.1765625 0.1171875 0.209375
8 0.25 0.30703125 0.165625 0.1703125
8 0.165625 0.38828125 0.10546875 0.13671875
8 0.13984375 0.03359375 0.1171875 0.0671875
8 0.26484375 0.0140625 0.1171875 0.028125
8 0.0265625 0.13984375 0.053125 0.1921875
8 0.11953125 0.25390625 0.09609375 0.1203125
8 0.38359375 0.44921875 0.0703125 0.1390625
8 0.80625 0.22421875 0.13203125 0.1921875
8 0.93984375 0.29453125 0.09609375 0.2046875
8 0.70625 0.04609375 0.121875 0.0921875
8 0.975 0.55546875 0.05 0.0734375
8 0.67265625 0.571875 0.0984375 0.08671875
8 0.55859375 0.553125 0.0765625 0.06875
8 0.73671875 0.5328125 0.0984375 0.028125