6 0.2125 0.18828125 0.1609375 0.209375
6 0.35390625 0.2796875 0.17578125 0.34609375
6 0.49921875 0.1515625 0.1015625 0.303125
6 0.42421875 0.41796875 0.18984375 0.1734375
6 0.45703125 0.52890625 0.1859375 0.2546875
6 0.4890625 0.3484375 0.121875 0.225
6 0.28046875 0.028125 0.2515625 0.05625
6 0.0734375 0.0515625 0.146875 0.103125
6 0.18984375 0.38828125 0.18515625 0.21640625
7 0.84453125 0.1546875 0.3109375 0.309375
7 0.63828125 0.15625 0.1765625 0.3125
7 0.66015625 0.37578125 0.2203125 0.2203125
7 0.728125 0.5359375 0.35625 0.221875
7 0.93828125 0.5453125 0.1234375 0.246875
7 0.878125 0.35234375 0.24375 0.2296875
6 0.21796875 0.8671875 0.4359375 0.265625
7 0.909375 0.8046875 0.18125 0.23125
7 0.78671875 0.84453125 0.4265625 0.3109375