8 0.3640625 0.24921875 0.25 0.2390625
8 0.03125 0.08046875 0.0625 0.1609375
8 0.14921875 0.0125 0.1078125 0.025
8 0.60859375 0.2875 0.0453125 0.0625
8 0.67265625 0.00546875 0.0515625 0.0109375
8 0.80625 0.309375 0.03125 0.0453125
8 0.86875 0.25 0.0453125 0.0453125
8 0.99453125 0.3328125 0.0109375 0.05625
8 0.6296875 0.55078125 0.18046875 0.18046875
8 0.71171875 0.4390625 0.0921875 0.140625
8 0.77109375 0.43984375 0.0859375 0.1421875
8 0.82109375 0.77578125 0.16328125 0.1703125
8 0.67421875 0.778125 0.084375 0.1921875
8 0.9421875 0.55546875 0.09375 0.12265625
8 0.88125 0.546875 0.053125 0.16328125