5 0.16953125 0.23984375 0.3390625 0.4796875
8 0.5109375 0.10546875 0.184375 0.2109375
8 0.77109375 0.14453125 0.1109375 0.15859375
8 0.9234375 0.325 0.153125 0.303125
8 0.45546875 0.38671875 0.0734375 0.1859375
8 0.209375 0.728125 0.41875 0.496875
8 0.89453125 0.54453125 0.2109375 0.1296875
8 0.66640625 0.5171875 0.2359375 0.075
8 0.6375 0.96875 0.228125 0.0625
8 0.8875 0.95703125 0.225 0.0859375
8 0.90078125 0.7609375 0.1984375 0.278125
8 0.67890625 0.73984375 0.196875 0.303125
8 0.4859375 0.74375 0.134375 0.31875