6 0.35390625 0.3484375 0.0703125 0.140625
6 0.47265625 0.23359375 0.0984375 0.17578125
6 0.5921875 0.2078125 0.12734375 0.21171875
6 0.75625 0.08515625 0.115625 0.16328125
6 0.865625 0.19296875 0.084375 0.2359375
6 0.9625 0.1546875 0.075 0.14375
6 0.35625 0.06171875 0.075 0.1234375
6 0.3421875 0.18046875 0.046875 0.1453125
6 0.159375 0.709375 0.31875 0.58125
6 0.8515625 0.540625 0.0765625 0.0578125
6 0.7578125 0.7046875 0.06953125 0.06015625
6 0.5984375 0.78828125 0.071875 0.08203125
6 0.44765625 0.64921875 0.09375 0.084375
6 0.4125 0.946875 0.084375 0.0890625
6 0.40390625 0.825 0.06015625 0.09609375
6 0.4734375 0.8171875 0.0671875 0.09140625
6 0.509375 0.4375 0.1125 0.0375
6 0.90859375 0.634375 0.07421875 0.08671875