8 0.26953125 0.34453125 0.5390625 0.6890625
8 0.721875 0.1703125 0.09140625 0.20703125
8 0.96875 0.04453125 0.0625 0.0890625
8 0.61640625 0.01875 0.1265625 0.0375
8 0.95234375 0.2578125 0.0953125 0.190625
8 0.85546875 0.4328125 0.08671875 0.22109375
8 0.98515625 0.659375 0.0296875 0.059375
8 0.6078125 0.37265625 0.09609375 0.18046875
8 0.603125 0.58515625 0.0671875 0.15390625
8 0.58515625 0.21015625 0.09140625 0.13203125
8 0.76953125 0.01875 0.1265625 0.0375
8 0.8125 0.13671875 0.06015625 0.10078125
8 0.83359375 0.20546875 0.115625 0.15859375
8 0.84375 0.6796875 0.134375 0.01875
8 0.740625 0.6546875 0.075 0.06875
8 0.6921875 0.615625 0.06015625 0.13203125
8 0.26953125 0.84453125 0.5390625 0.3109375
8 0.9421875 0.765625 0.115625 0.153125
8 0.79921875 0.94375 0.1578125 0.1125
8 0.61015625 0.91875 0.1421875 0.1625
8 0.59296875 0.71484375 0.1078125 0.0515625
8 0.56484375 0.87421875 0.0515625 0.1390625