6 0.05703125 0.33046875 0.1140625 0.2296875
6 0.1546875 0.51953125 0.221875 0.0984375
6 0.35078125 0.43515625 0.1328125 0.2671875
6 0.246875 0.30859375 0.20703125 0.24765625
6 0.4515625 0.1734375 0.115625 0.346875
6 0.4703125 0.43203125 0.078125 0.2734375
6 0.65234375 0.284375 0.2859375 0.56875
6 0.83359375 0.1515625 0.3328125 0.303125
6 0.94375 0.74140625 0.1125 0.1171875
6 0.67734375 0.640625 0.13671875 0.10078125
6 0.58125 0.64140625 0.103125 0.1453125
6 0.83671875 0.684375 0.1421875 0.134375