6 0.57265625 0.246875 0.0734375 0.071875
6 0.58671875 0.36171875 0.0453125 0.0734375
6 0.50859375 0.3609375 0.11328125 0.115625
6 0.5625 0.54921875 0.09375 0.1140625
6 0.34375 0.46328125 0.13671875 0.0890625
6 0.17890625 0.1578125 0.14453125 0.12734375
6 0.18046875 0.32421875 0.0796875 0.084375
6 0.1265625 0.5203125 0.1515625 0.08671875
6 0.01015625 0.45546875 0.0203125 0.0859375
6 0.92578125 0.2234375 0.1484375 0.446875
6 0.6234375 0.27734375 0.028125 0.2890625
6 0.528125 0.72109375 0.1625 0.2234375
6 0.48515625 0.8890625 0.2484375 0.221875
6 0.19296875 0.9453125 0.3640625 0.109375
6 0.14921875 0.76953125 0.2984375 0.3203125
6 0.91640625 0.92421875 0.1671875 0.1515625
6 0.78203125 0.88671875 0.2109375 0.2265625
6 0.91328125 0.64140625 0.1515625 0.0640625