8 0.26796875 0.190625 0.1234375 0.15625
8 0.26953125 0.059375 0.1203125 0.11875
8 0.25546875 0.42734375 0.1484375 0.1984375
8 0.10859375 0.38515625 0.1359375 0.3296875
8 0.45546875 0.37421875 0.2515625 0.3515625
8 0.44921875 0.059375 0.2234375 0.11875
8 0.73046875 0.2796875 0.20703125 0.334375
8 0.9125 0.2265625 0.175 0.30625
8 0.9125 0.47890625 0.175 0.1421875
8 0.63515625 0.02890625 0.1703125 0.0578125
5 0.184375 0.73671875 0.23125 0.3734375
8 0.49609375 0.70625 0.17578125 0.2671875
8 0.41171875 0.925 0.1640625 0.15