8 0.11484375 0.2109375 0.2296875 0.421875
8 0.8234375 0.30390625 0.12734375 0.21875
8 0.57109375 0.1890625 0.09609375 0.209375
8 0.31328125 0.053125 0.0765625 0.10625
8 0.6765625 0.02734375 0.128125 0.0546875
8 0.94765625 0.371875 0.0703125 0.134375
8 0.25859375 0.20703125 0.0578125 0.1453125
8 0.3203125 0.278125 0.13203125 0.19453125
8 0.434375 0.390625 0.0875 0.096875
8 0.2421875 0.10625 0.025 0.15625
8 0.83828125 0.03984375 0.1046875 0.0796875
8 0.68671875 0.37109375 0.0984375 0.1359375
8 0.921875 0.24140625 0.084375 0.1203125
8 0.85703125 0.16796875 0.10546875 0.15390625
8 0.7109375 0.23046875 0.09140625 0.134375
8 0.52109375 0.02734375 0.1265625 0.0546875
8 0.4796875 0.15546875 0.06015625 0.103125
8 0.45859375 0.22578125 0.11796875 0.1609375
8 0.92109375 0.040625 0.1265625 0.08125
8 0.0703125 0.7015625 0.08671875 0.12265625
8 0.628125 0.76484375 0.590625 0.4703125