5 0.17265625 0.24453125 0.2234375 0.14921875
5 0.2375 0.43671875 0.165625 0.1640625
5 0.02265625 0.39609375 0.0453125 0.1671875
5 0.37421875 0.1640625 0.18984375 0.1734375
5 0.56640625 0.30234375 0.1390625 0.22109375
5 0.41171875 0.43671875 0.1265625 0.1640625
5 0.540625 0.5 0.13125 0.0375
8 0.7140625 0.25703125 0.109375 0.1890625
8 0.69453125 0.4578125 0.0703125 0.121875
8 0.6890625 0.0671875 0.059375 0.134375
8 0.78203125 0.04765625 0.1484375 0.0953125
8 0.95 0.36875 0.1 0.184375
8 0.59921875 0.72109375 0.1203125 0.2546875
8 0.22265625 0.71875 0.115625 0.2140625
8 0.06640625 0.90703125 0.0890625 0.1859375