6 0.52734375 0.37109375 0.0828125 0.2765625
6 0.3625 0.3875 0.25 0.24375
6 0.02265625 0.24765625 0.0453125 0.2390625
6 0.2578125 0.209375 0.27421875 0.1421875
6 0.484375 0.13984375 0.16875 0.1859375
6 0.1921875 0.47265625 0.146875 0.0734375
6 0.0578125 0.43671875 0.115625 0.1453125
8 0.62734375 0.4390625 0.1171875 0.128125
8 0.6078125 0.1046875 0.078125 0.103125
8 0.69765625 0.08046875 0.10078125 0.125
8 0.7828125 0.19296875 0.11328125 0.1203125
6 0.31171875 0.7546875 0.5140625 0.490625
6 0.96328125 0.77890625 0.0734375 0.3609375
6 0.81171875 0.87421875 0.2421875 0.2515625
6 0.65703125 0.83671875 0.1765625 0.3265625
6 0.77109375 0.54140625 0.1515625 0.0640625