6 0.30703125 0.18515625 0.27421875 0.28828125
6 0.19375 0.05703125 0.153125 0.1140625
6 0.0921875 0.12265625 0.184375 0.2453125
6 0.08671875 0.32734375 0.1484375 0.2453125
6 0.24921875 0.37578125 0.2265625 0.1484375
6 0.5546875 0.34453125 0.26875 0.2109375
6 0.43359375 0.4125 0.1890625 0.075
6 0.65390625 0.09453125 0.0703125 0.1890625
6 0.5171875 0.05390625 0.2 0.1078125
6 0.3859375 0.05078125 0.134375 0.1015625
6 0.465625 0.5984375 0.18046875 0.27421875
6 0.16015625 0.7578125 0.1734375 0.34375
6 0.3265625 0.51796875 0.18125 0.1359375
6 0.62109375 0.75859375 0.1359375 0.3421875
6 0.621875 0.57890625 0.134375 0.2015625
6 0.39453125 0.846875 0.12734375 0.303125
6 0.05234375 0.8015625 0.1046875 0.240625
6 0.1765625 0.47890625 0.084375 0.0578125
7 0.84453125 0.725 0.3109375 0.55