6 0.42265625 0.05 0.0734375 0.1
6 0.20625 0.01953125 0.13125 0.0390625
6 0.10625 0.134375 0.1296875 0.134375
6 0.1796875 0.3296875 0.10078125 0.19921875
6 0.28359375 0.2 0.103125 0.13203125
6 0.371875 0.2078125 0.07421875 0.18984375
6 0.34765625 0.478125 0.0984375 0.19921875
6 0.43203125 0.41796875 0.0546875 0.1453125
6 0.09765625 0.53984375 0.1703125 0.1203125
6 0.21328125 0.534375 0.1078125 0.13125
6 0.71796875 0.54375 0.2734375 0.1125
6 0.821875 0.1875 0.22109375 0.1609375
6 0.65546875 0.225 0.21171875 0.1828125
6 0.77265625 0.3546875 0.22578125 0.27421875
6 0.909375 0.4890625 0.18125 0.221875
6 0.9296875 0.3234375 0.140625 0.2
6 0.515625 0.2453125 0.1125 0.21875
6 0.51796875 0.2875 0.1171875 0.146875
6 0.37421875 0.96015625 0.0921875 0.0796875
6 0.125 0.9859375 0.053125 0.028125
6 0.296875 0.67734375 0.03828125 0.1109375
6 0.14140625 0.6484375 0.02890625 0.06484375
6 0.66796875 0.63828125 0.1421875 0.0765625
6 0.9359375 0.6875 0.128125 0.159375
6 0.77578125 0.9109375 0.1015625 0.178125
6 0.53984375 0.76328125 0.1609375 0.2359375