8 0.2296875 0.32109375 0.278125 0.1171875
8 0.0421875 0.24609375 0.084375 0.2671875
6 0.76015625 0.20859375 0.4359375 0.3421875
6 0.06171875 0.821875 0.1234375 0.35625
6 0.134375 0.49453125 0.26875 0.2296875
6 0.15859375 0.66328125 0.3171875 0.3390625
6 0.328125 0.56640625 0.08125 0.2796875
6 0.30859375 0.91328125 0.1203125 0.1734375
6 0.07265625 0.94296875 0.1453125 0.1140625
6 0.78984375 0.7859375 0.08671875 0.08671875
6 0.8546875 0.865625 0.0984375 0.11328125
6 0.928125 0.7140625 0.07421875 0.115625
6 0.9171875 0.7984375 0.08203125 0.0625
6 0.98046875 0.8390625 0.0390625 0.121875
6 0.96328125 0.9640625 0.0734375 0.071875
6 0.6484375 0.965625 0.0625 0.06875
6 0.57734375 0.98359375 0.0828125 0.0328125
6 0.54296875 0.81875 0.08671875 0.1296875
6 0.47109375 0.7859375 0.12734375 0.103125
6 0.63203125 0.62265625 0.146875 0.13671875
6 0.76875 0.47265625 0.12734375 0.11328125
6 0.77734375 0.640625 0.053125 0.07421875
6 0.8390625 0.61328125 0.08203125 0.10078125
6 0.88828125 0.53984375 0.08203125 0.0984375
6 0.95390625 0.52265625 0.0890625 0.1296875
6 0.971875 0.67734375 0.05625 0.1015625
6 0.68828125 0.74140625 0.06953125 0.0578125