8 0.45546875 0.1328125 0.2484375 0.265625
8 0.78984375 0.159375 0.4203125 0.31875
5 0.46953125 0.446875 0.2203125 0.09375
5 0.1703125 0.625 0.196875 0.24296875
5 0.48046875 0.7796875 0.1984375 0.3875
5 0.68125 0.48125 0.203125 0.15
5 0.634375 0.684375 0.109375 0.1875
5 0.62734375 0.8765625 0.0953125 0.165625
5 0.8 0.915625 0.178125 0.16875
5 0.9328125 0.77421875 0.115625 0.2015625
5 0.97734375 0.5859375 0.0453125 0.196875
5 0.865625 0.6328125 0.134375 0.16796875
5 0.9265625 0.384375 0.146875 0.13125