8 0.271875 0.08984375 0.16875 0.1796875
8 0.12109375 0.121875 0.09375 0.22578125
8 0.2421875 0.45703125 0.1109375 0.2359375
8 0.12734375 0.4296875 0.0984375 0.24765625
8 0.03671875 0.37578125 0.0734375 0.1921875
8 0.32578125 0.28125 0.1265625 0.1375
8 0.55078125 0.35859375 0.2828125 0.4609375
8 0.83203125 0.2765625 0.31953125 0.45703125
8 0.68828125 0.07734375 0.2828125 0.1546875
8 0.50859375 0.09140625 0.2390625 0.1828125
8 0.4359375 0.2703125 0.09375 0.24375
8 0.72265625 0.53046875 0.1828125 0.1171875
5 0.19453125 0.79453125 0.3890625 0.4109375
8 0.7796875 0.79453125 0.403125 0.4109375