8 0.096875 0.496875 0.19375 0.125
8 0.53515625 0.20078125 0.1703125 0.3171875
8 0.51484375 0.4203125 0.1296875 0.1875
8 0.7703125 0.33203125 0.12734375 0.25
8 0.82421875 0.04140625 0.1453125 0.0828125
8 0.9015625 0.1453125 0.18046875 0.2359375
8 0.72578125 0.23046875 0.178125 0.2359375
8 0.61796875 0.0546875 0.1796875 0.109375
8 0.97421875 0.3875 0.0515625 0.20625
8 0.225 0.7171875 0.45 0.315625
8 0.88828125 0.94765625 0.2234375 0.1046875
8 0.4953125 0.95 0.090625 0.1
8 0.81875 0.596875 0.21875 0.075
8 0.89453125 0.82734375 0.2109375 0.2421875