8 0.4671875 0.14375 0.15625 0.2875
8 0.1265625 0.4546875 0.2046875 0.23828125
8 0.52421875 0.3421875 0.0703125 0.10625
8 0.375 0.3203125 0.178125 0.0625
8 0.40390625 0.6703125 0.15390625 0.2140625
8 0.334375 0.8140625 0.15625 0.19453125
8 0.51171875 0.8078125 0.0953125 0.2
8 0.225 0.30859375 0.128125 0.0390625
8 0.6578125 0.33203125 0.196875 0.0859375
8 0.64140625 0.4390625 0.14453125 0.1921875
8 0.8828125 0.6546875 0.234375 0.3125
8 0.93203125 0.321875 0.1359375 0.065625
8 0.8328125 0.35703125 0.1125 0.1359375
8 0.9859375 0.34609375 0.028125 0.1140625