6 0.3078125 0.10390625 0.16875 0.2078125
6 0.325 0.321875 0.13125 0.29375
6 0.9734375 0.26796875 0.053125 0.0609375
6 0.8234375 0.35234375 0.071875 0.08203125
6 0.67265625 0.21328125 0.09375 0.084375
6 0.62890625 0.3890625 0.06015625 0.09609375
6 0.6984375 0.38125 0.0671875 0.09140625
6 0.734375 0.01015625 0.1125 0.0203125
6 0.1125 0.58671875 0.146875 0.2359375
6 0.35859375 0.5203125 0.1765625 0.103125
6 0.0265625 0.925 0.053125 0.15
6 0.303125 0.79140625 0.28359375 0.240625
6 0.503125 0.7390625 0.153125 0.259375
6 0.828125 0.709375 0.34375 0.48125