6 0.2328125 0.18046875 0.21875 0.1390625
6 0.59609375 0.13046875 0.0859375 0.2390625
6 0.440625 0.171875 0.228125 0.15625
6 0.07421875 0.18203125 0.1484375 0.1359375
6 0.13125 0.08046875 0.2625 0.1609375
6 0.41640625 0.05546875 0.3828125 0.1109375
6 0.83125 0.178125 0.3375 0.14375
6 0.165625 0.45078125 0.125 0.1109375
6 0.05078125 0.45 0.1015625 0.128125
6 0.0828125 0.65546875 0.0890625 0.1296875
6 0.46640625 0.59296875 0.12265625 0.13671875
6 0.39765625 0.7734375 0.21171875 0.1203125
6 0.10703125 0.903125 0.2140625 0.190625
6 0.3328125 0.2921875 0.1375 0.084375
6 0.47890625 0.94921875 0.1546875 0.1015625
6 0.95625 0.625 0.0875 0.75