6 0.2796875 0.4 0.259375 0.6
6 0.053125 0.47578125 0.10625 0.4484375
6 0.13125 0.66484375 0.2625 0.0703125
6 0.14765625 0.13359375 0.2953125 0.2671875
6 0.4921875 0.096875 0.165625 0.19375
6 0.7640625 0.23203125 0.403125 0.4640625
6 0.46796875 0.40390625 0.1171875 0.3703125
6 0.56015625 0.55234375 0.2078125 0.2953125
6 0.9296875 0.56796875 0.140625 0.2640625
6 0.08046875 0.85 0.1609375 0.3
6 0.29609375 0.85 0.2265625 0.3
6 0.9671875 0.85 0.065625 0.3
6 0.79609375 0.79296875 0.2921875 0.1859375
6 0.7296875 0.88125 0.440625 0.2375