6 0.1171875 0.21015625 0.178125 0.3390625
6 0.46171875 0.18125 0.0890625 0.3625
6 0.32421875 0.31015625 0.0984375 0.1390625
6 0.834375 0.0390625 0.13125 0.078125
6 0.734375 0.1734375 0.1296875 0.134375
6 0.59453125 0.196875 0.103125 0.16796875
6 0.80703125 0.32421875 0.1015625 0.1109375
6 0.91171875 0.2390625 0.103125 0.13203125
6 0.98125 0.24609375 0.0375 0.1890625
6 0.26796875 0.65078125 0.4828125 0.5421875
6 0.75703125 0.43671875 0.1640625 0.1140625
6 0.61328125 0.51796875 0.1421875 0.2765625
6 0.8828125 0.66796875 0.1296875 0.15859375
6 0.97890625 0.69296875 0.0421875 0.2046875
6 0.72109375 0.90078125 0.1015625 0.1984375
6 0.5375 0.74296875 0.05625 0.2359375