8 0.04453125 0.36171875 0.0890625 0.1421875
8 0.2 0.38046875 0.1703125 0.1609375
8 0.503125 0.36328125 0.10078125 0.11328125
8 0.5171875 0.1125 0.09375 0.19453125
8 0.27734375 0.0859375 0.1421875 0.171875
8 0.059375 0.12109375 0.11875 0.2234375
8 0.90625 0.26953125 0.1875 0.5390625
8 0.4375 0.66328125 0.284375 0.1578125
8 0.44140625 0.82734375 0.2765625 0.1296875
8 0.4296875 0.95546875 0.3 0.0890625
8 0.78203125 0.93125 0.2046875 0.1375
8 0.97109375 0.81796875 0.0578125 0.1234375
8 0.88203125 0.759375 0.12734375 0.19453125
8 0.64453125 0.77734375 0.1296875 0.3265625