8 0.284375 0.19453125 0.56875 0.3890625
8 0.828125 0.2625 0.34375 0.253125
8 0.35703125 0.5578125 0.1515625 0.2453125
8 0.4984375 0.940625 0.140625 0.11875
8 0.4390625 0.7453125 0.1609375 0.18984375
8 0.5328125 0.59765625 0.071875 0.3765625
8 0.15234375 0.67109375 0.12265625 0.21640625
8 0.1296875 0.903125 0.15625 0.19375
8 0.10859375 0.4140625 0.1265625 0.05
8 0.2390625 0.87421875 0.1390625 0.2328125
8 0.8578125 0.71328125 0.134375 0.26953125
8 0.5921875 0.51796875 0.046875 0.2578125
8 0.60703125 0.784375 0.0765625 0.365625
8 0.7171875 0.815625 0.10546875 0.19453125
8 0.66796875 0.51875 0.1203125 0.134375
8 0.78828125 0.58125 0.10546875 0.165625
8 0.809375 0.47578125 0.13671875 0.1734375
8 0.728125 0.41484375 0.125 0.0515625
8 0.97734375 0.4703125 0.0453125 0.1625
8 0.90390625 0.96875 0.1015625 0.0625