7 0.29140625 0.3546875 0.2359375 0.209375
7 0.6796875 0.38359375 0.30625 0.1515625
7 0.2015625 0.91875 0.1125 0.1625
6 0.86640625 0.70234375 0.2640625 0.27890625
6 0.75625 0.54609375 0.15 0.1734375
6 0.58125 0.525 0.165625 0.13125
6 0.6546875 0.61953125 0.18515625 0.28359375
6 0.6515625 0.86015625 0.14375 0.2796875
6 0.81015625 0.90703125 0.21875 0.18515625
6 0.94765625 0.94296875 0.1046875 0.1140625
6 0.93828125 0.540625 0.1234375 0.1625
6 0.4671875 0.50546875 0.115625 0.0921875
6 0.47734375 0.68203125 0.1359375 0.2328125
6 0.5265625 0.87109375 0.15625 0.2578125
6 0.5 0.95546875 0.18125 0.0890625