6 0.209375 0.2796875 0.41875 0.559375
8 0.4515625 0.24609375 0.065625 0.1296875
8 0.55859375 0.19296875 0.084375 0.12265625
8 0.659375 0.1953125 0.08671875 0.1296875
8 0.86796875 0.46328125 0.13203125 0.18046875
8 0.9859375 0.3140625 0.028125 0.15
8 0.76640625 0.31953125 0.10078125 0.1390625
8 0.7046875 0.4921875 0.09375 0.134375
6 0.36171875 0.9171875 0.06953125 0.0671875
6 0.32734375 0.96171875 0.0640625 0.0765625
6 0.2671875 0.98671875 0.0875 0.0265625
6 0.159375 0.90390625 0.0578125 0.09140625
6 0.46953125 0.63359375 0.1015625 0.1484375
6 0.53515625 0.8234375 0.12265625 0.14921875