8 0.5359375 0.08125 0.146875 0.1625
8 0.13046875 0.33828125 0.13203125 0.16796875
8 0.04453125 0.3171875 0.0890625 0.125
8 0.4328125 0.3484375 0.1109375 0.13671875
8 0.13828125 0.059375 0.1296875 0.11875
8 0.3703125 0.05 0.103125 0.1
8 0.24375 0.10625 0.0796875 0.0984375
8 0.2421875 0.31328125 0.11796875 0.15390625
8 0.28203125 0.49765625 0.1421875 0.0828125
8 0.02890625 0.5171875 0.0578125 0.04375
8 0.8046875 0.26953125 0.390625 0.5390625
8 0.26171875 0.6859375 0.08203125 0.12734375
8 0.36796875 0.696875 0.08671875 0.06953125
8 0.1203125 0.87109375 0.05078125 0.06015625
8 0.19453125 0.86875 0.0765625 0.0890625
8 0.3328125 0.84921875 0.0625 0.103125
8 0.54453125 0.8171875 0.06953125 0.06953125
8 0.8140625 0.58671875 0.225 0.0953125
8 0.97265625 0.82890625 0.0546875 0.2640625
8 0.8265625 0.81171875 0.18984375 0.29296875
8 0.65703125 0.81640625 0.0953125 0.3109375