6 0.1171875 0.3390625 0.16796875 0.24765625
6 0.08984375 0.09609375 0.1796875 0.1921875
6 0.2703125 0.396875 0.1109375 0.2546875
6 0.2453125 0.04375 0.11875 0.0875
6 0.646875 0.309375 0.06484375 0.09140625
6 0.7359375 0.3875 0.0578125 0.0671875
8 0.2953125 0.80703125 0.16875 0.2078125
6 0.925 0.628125 0.14921875 0.13203125
6 0.6734375 0.58671875 0.13125 0.0953125
6 0.57578125 0.72890625 0.12734375 0.13203125
6 0.4359375 0.75078125 0.10078125 0.16796875
6 0.646875 0.91015625 0.1 0.1796875
6 0.9109375 0.55546875 0.084375 0.0328125
6 0.82578125 0.55703125 0.0703125 0.0359375
6 0.75078125 0.79140625 0.103125 0.13203125
6 0.8375 0.8015625 0.07421875 0.18984375
6 0.93046875 0.9671875 0.1203125 0.065625