6 0.290625 0.2171875 0.096875 0.24375
6 0.165625 0.1109375 0.18984375 0.2140625
6 0.02421875 0.171875 0.0484375 0.259375
6 0.4078125 0.253125 0.1375 0.171875
6 0.66015625 0.046875 0.1421875 0.09375
6 0.94375 0.284375 0.1125 0.109375
6 0.45 0.08359375 0.134375 0.1671875
6 0.16953125 0.6296875 0.3390625 0.58125
6 0.45859375 0.41328125 0.1984375 0.1484375
6 0.575 0.4328125 0.246875 0.1875
6 0.8890625 0.77421875 0.221875 0.2359375
6 0.81953125 0.8859375 0.3609375 0.228125
6 0.6703125 0.62265625 0.19921875 0.290625