6 0.0390625 0.07890625 0.078125 0.1578125
6 0.15625 0.06796875 0.15625 0.1359375
6 0.36796875 0.0671875 0.2046875 0.134375
6 0.5703125 0.059375 0.18125 0.11875
6 0.56875 0.24296875 0.221875 0.1828125
6 0.32578125 0.23828125 0.240625 0.13671875
6 0.12578125 0.25703125 0.13671875 0.16328125
6 0.025 0.28125 0.05 0.196875
6 0.53828125 0.43984375 0.1515625 0.13671875
6 0.33671875 0.44453125 0.2140625 0.1890625
6 0.12734375 0.4609375 0.2015625 0.15625
6 0.83984375 0.2203125 0.3203125 0.440625
6 0.3828125 0.77890625 0.59375 0.4421875
6 0.80234375 0.896875 0.2453125 0.20625
6 0.80859375 0.62265625 0.2109375 0.1671875