8 0.18671875 0.084375 0.1390625 0.16875
8 0.34140625 0.1703125 0.1546875 0.1875
8 0.11015625 0.30234375 0.1828125 0.2328125
8 0.75078125 0.28125 0.11328125 0.11796875
8 0.31328125 0.47421875 0.0984375 0.1109375
8 0.0828125 0.94140625 0.09375 0.1171875
8 0.31328125 0.94140625 0.06953125 0.09140625
8 0.228125 0.6671875 0.1078125 0.14453125
8 0.38828125 0.63046875 0.0609375 0.1078125
8 0.05703125 0.4578125 0.0984375 0.078125
8 0.04765625 0.6953125 0.0765625 0.10078125
8 0.12421875 0.86953125 0.1203125 0.1515625
8 0.67109375 0.8203125 0.14921875 0.25703125
8 0.565625 0.67734375 0.13203125 0.1390625
8 0.98828125 0.55703125 0.0234375 0.1578125