6 0.41640625 0.315625 0.5859375 0.328125
6 0.76015625 0.27265625 0.1015625 0.1296875
6 0.73046875 0.42265625 0.0421875 0.1140625
6 0.74921875 0.10234375 0.0796875 0.1078125
6 0.85078125 0.2890625 0.09140625 0.0765625
6 0.81171875 0.42578125 0.084375 0.053125
6 0.12578125 0.90625 0.2515625 0.1875
6 0.40390625 0.878125 0.2671875 0.24375
6 0.4015625 0.97734375 0.221875 0.0453125
6 0.6296875 0.89375 0.159375 0.2125
6 0.50234375 0.51171875 0.2140625 0.0640625
6 0.340625 0.534375 0.20625 0.109375
6 0.45546875 0.6265625 0.21875 0.2640625
6 0.60546875 0.76328125 0.2078125 0.2296875
6 0.62109375 0.59765625 0.15859375 0.1921875
6 0.0625 0.6828125 0.125 0.165625
6 0.17890625 0.553125 0.1609375 0.146875
6 0.2078125 0.5625 0.115625 0.1421875
6 0.81171875 0.5875 0.18515625 0.20703125
6 0.95703125 0.76015625 0.0859375 0.2703125
6 0.94609375 0.94375 0.1078125 0.1125