6 0.378125 0.209375 0.021875 0.075
6 0.32578125 0.4328125 0.1265625 0.19375
6 0.68203125 0.25078125 0.18515625 0.17578125
6 0.61171875 0.0390625 0.0859375 0.078125
6 0.8421875 0.053125 0.125 0.10625
6 0.88359375 0.18125 0.14453125 0.134375
6 0.1109375 0.8046875 0.221875 0.390625
6 0.328125 0.8046875 0.121875 0.390625
6 0.24765625 0.928125 0.2828125 0.14375
6 0.4859375 0.703125 0.19375 0.1875
6 0.51640625 0.8734375 0.2546875 0.253125
6 0.8328125 0.8734375 0.334375 0.253125
6 0.83515625 0.978125 0.3296875 0.04375