7 0.1140625 0.4109375 0.178125 0.296875
7 0.56875 0.10078125 0.08125 0.2015625
7 0.39609375 0.20859375 0.19453125 0.28828125
7 0.42890625 0.46875 0.1953125 0.18125
7 0.04765625 0.0828125 0.0953125 0.165625
7 0.9265625 0.3453125 0.09375 0.26953125
7 0.81875 0.36640625 0.071875 0.18984375
7 0.725 0.2140625 0.053125 0.13203125
7 0.62734375 0.31171875 0.0359375 0.1796875
7 0.10390625 0.6203125 0.0984375 0.121875
7 0.32890625 0.62109375 0.1609375 0.11328125
7 0.49921875 0.653125 0.1515625 0.10078125
7 0.8046875 0.7796875 0.390625 0.440625