6 0.57578125 0.184375 0.1921875 0.36875
6 0.84609375 0.140625 0.3078125 0.28125
6 0.72109375 0.28984375 0.1953125 0.1578125
6 0.8984375 0.3015625 0.203125 0.134375
6 0.23984375 0.684375 0.4796875 0.63125
6 0.825 0.59140625 0.21171875 0.303125
6 0.9390625 0.46875 0.121875 0.2
6 0.94921875 0.878125 0.1015625 0.196875
6 0.55 0.87265625 0.140625 0.2546875
6 0.7 0.92421875 0.196875 0.1515625
6 0.55078125 0.40234375 0.1421875 0.0671875
6 0.55625 0.4703125 0.153125 0.165625
6 0.590625 0.6390625 0.221875 0.228125