8 0.2421875 0.17421875 0.315625 0.1078125
8 0.2265625 0.35 0.346875 0.221875
8 0.2 0.51171875 0.4 0.1953125
8 0.5328125 0.4125 0.1921875 0.30546875
8 0.66875 0.19609375 0.125 0.21171875
8 0.9359375 0.19453125 0.128125 0.2359375
8 0.73515625 0.52890625 0.1515625 0.1609375
8 0.43984375 0.5015625 0.0796875 0.215625
8 0.446875 0.1015625 0.09375 0.165625
8 0.04296875 0.64296875 0.0859375 0.0671875
8 0.18828125 0.6421875 0.0796875 0.065625
8 0.271875 0.84921875 0.10546875 0.16328125
8 0.37265625 0.8734375 0.0546875 0.1125
8 0.29296875 0.69921875 0.08203125 0.11328125
8 0.76484375 0.90859375 0.3265625 0.1828125
8 0.5015625 0.84296875 0.203125 0.3140625