6 0.29375 0.23984375 0.5125 0.4796875
6 0.35859375 0.02109375 0.1640625 0.0421875
6 0.790625 0.071875 0.41875 0.14375
6 0.853125 0.3203125 0.29375 0.31875
6 0.6171875 0.31328125 0.134375 0.2984375
6 0.48359375 0.890625 0.1328125 0.21875
6 0.259375 0.86328125 0.28125 0.2734375
6 0.26015625 0.96640625 0.2328125 0.0671875
6 0.0515625 0.87734375 0.103125 0.2453125
6 0.325 0.51328125 0.21875 0.0671875
6 0.2046875 0.60390625 0.23125 0.2484375
6 0.078125 0.73515625 0.15625 0.2453125
6 0.05703125 0.56953125 0.1140625 0.1796875
6 0.4796875 0.53359375 0.140625 0.1078125
6 0.46484375 0.5375 0.1203125 0.115625
8 0.92578125 0.5 0.1484375 0.040625
8 0.6671875 0.93046875 0.165625 0.1390625
8 0.5671875 0.69375 0.034375 0.303125