6 0.296875 0.28828125 0.240625 0.321875
6 0.54140625 0.3375 0.1765625 0.44375
6 0.06328125 0.41484375 0.1265625 0.2890625
6 0.81484375 0.2796875 0.3703125 0.559375
6 0.0859375 0.88125 0.171875 0.2375
6 0.5484375 0.5859375 0.1625 0.053125
6 0.03671875 0.6859375 0.0734375 0.096875
6 0.421875 0.9859375 0.2125 0.028125
6 0.77890625 0.7796875 0.2203125 0.440625
6 0.6515625 0.70546875 0.04375 0.2921875
6 0.6734375 0.89609375 0.0875 0.2078125
6 0.9359375 0.6921875 0.128125 0.153125
6 0.9015625 0.9171875 0.196875 0.165625