6 0.125 0.275 0.25 0.55
6 0.40078125 0.25234375 0.18984375 0.2640625
6 0.4375 0.45 0.1875 0.2
6 0.57109375 0.40859375 0.1265625 0.2828125
6 0.6609375 0.5078125 0.128125 0.084375
6 0.834375 0.4984375 0.19375 0.103125
6 0.90546875 0.23671875 0.1890625 0.3046875
6 0.73515625 0.10390625 0.1921875 0.2078125
6 0.52109375 0.16328125 0.19453125 0.26171875
6 0.29140625 0.16015625 0.0828125 0.2109375
6 0.43515625 0.05625 0.1640625 0.1125
6 0.9625 0.090625 0.075 0.18125
6 0.9625 0.48515625 0.075 0.1296875
6 0.146875 0.7171875 0.0671875 0.07421875
6 0.11328125 0.921875 0.2140625 0.15625
6 0.8515625 0.921875 0.296875 0.15625
6 0.59375 0.9 0.165625 0.2
6 0.39765625 0.790625 0.0671875 0.0890625
6 0.28125 0.8 0.0453125 0.0625