7 0.21484375 0.325 0.4296875 0.65
7 0.490625 0.31484375 0.121875 0.1296875
7 0.75390625 0.315625 0.08671875 0.1078125
7 0.50234375 0.159375 0.12265625 0.0984375
7 0.71171875 0.46875 0.1515625 0.11328125
7 0.91328125 0.209375 0.15859375 0.0796875
7 0.765625 0.19609375 0.1609375 0.0984375
7 0.65859375 0.0421875 0.1109375 0.0796875
7 0.85 0.47734375 0.15390625 0.10546875
7 0.58671875 0.54296875 0.13203125 0.10078125
7 0.946875 0.6140625 0.10625 0.071875
7 0.95234375 0.3671875 0.0953125 0.0875
7 0.9484375 0.05390625 0.103125 0.1078125
7 0.64453125 0.628125 0.0828125 0.04375
7 0.75390625 0.62890625 0.1015625 0.0421875
7 0.09140625 0.9015625 0.1828125 0.196875
7 0.87890625 0.825 0.2421875 0.35
7 0.5046875 0.825 0.15 0.35