6 0.18984375 0.2046875 0.3796875 0.409375
6 0.5921875 0.20625 0.3625 0.40625
6 0.84609375 0.11796875 0.2484375 0.2359375
6 0.9671875 0.27109375 0.065625 0.2203125
6 0.83984375 0.31015625 0.2734375 0.1984375
6 0.44140625 0.253125 0.1234375 0.3125
6 0.29921875 0.46328125 0.1265625 0.1078125
6 0.2265625 0.64375 0.10078125 0.19921875
6 0.12265625 0.515625 0.103125 0.13203125
6 0.03671875 0.5234375 0.0734375 0.190625
6 0.06015625 0.79296875 0.0984375 0.196875
6 0.3015625 0.89609375 0.15625 0.2078125
6 0.19140625 0.8640625 0.10546875 0.15625
6 0.41171875 0.4859375 0.0640625 0.153125
6 0.47578125 0.77890625 0.1921875 0.4109375
6 0.6453125 0.68515625 0.24765625 0.24296875
6 0.90625 0.69375 0.1875 0.28125
6 0.84375 0.8421875 0.22109375 0.22109375
6 0.63828125 0.890625 0.2734375 0.21875
6 0.84140625 0.496875 0.1890625 0.175
6 0.6109375 0.440625 0.25625 0.0625