6 0.2046875 0.303125 0.065625 0.09375
6 0.79453125 0.175 0.4109375 0.35
6 0.34609375 0.484375 0.08671875 0.08671875
6 0.4109375 0.5640625 0.0984375 0.11328125
6 0.484375 0.4125 0.07421875 0.115625
6 0.4734375 0.496875 0.08203125 0.0625
6 0.553125 0.5375 0.071875 0.121875
6 0.52265625 0.69609375 0.0796875 0.1390625
6 0.3984375 0.7359375 0.09609375 0.09140625
6 0.3 0.7234375 0.06484375 0.07421875
6 0.20546875 0.69140625 0.0625 0.12265625
6 0.134375 0.71171875 0.08203125 0.09140625
6 0.09921875 0.5171875 0.08671875 0.1296875
6 0.0453125 0.484375 0.090625 0.103125
6 0.1875 0.36953125 0.146875 0.0390625
6 0.3328125 0.3625 0.053125 0.025
6 0.54453125 0.38828125 0.0890625 0.0765625
6 0.33359375 0.8640625 0.146875 0.08671875
6 0.2421875 0.85 0.08671875 0.103125
6 0.19453125 0.7875 0.06953125 0.103125
6 0.1390625 0.79609375 0.0578125 0.1390625
6 0.06484375 0.7609375 0.09375 0.0984375
6 0.24453125 0.43984375 0.06953125 0.0578125
6 0.7140625 0.8484375 0.25 0.303125
6 0.89453125 0.72109375 0.2109375 0.1734375
6 0.6765625 0.40234375 0.175 0.1046875