6 0.40859375 0.46875 0.0421875 0.1125
6 0.0375 0.51015625 0.075 0.1421875
6 0.06796875 0.61015625 0.0671875 0.09140625
6 0.2203125 0.58359375 0.134375 0.11328125
6 0.11484375 0.04375 0.0890625 0.0875
8 0.88828125 0.37109375 0.2234375 0.5765625
8 0.80234375 0.084375 0.2234375 0.16875
8 0.61328125 0.259375 0.3234375 0.51875
8 0.59375 0.55078125 0.1125 0.2171875
6 0.33046875 0.70703125 0.1109375 0.0953125
6 0.15078125 0.6859375 0.0890625 0.053125
6 0.04921875 0.9390625 0.0984375 0.121875
6 0.33125 0.7875 0.1109375 0.14453125
6 0.38671875 0.91484375 0.0859375 0.1703125
6 0.19609375 0.8859375 0.103125 0.18515625
6 0.08046875 0.76015625 0.0890625 0.2015625
6 0.22421875 0.6796875 0.0703125 0.040625
6 0.91328125 0.7328125 0.1015625 0.146875
6 0.48046875 0.69296875 0.1015625 0.0671875
6 0.55 0.93203125 0.165625 0.1359375
6 0.74765625 0.85703125 0.0984375 0.196875
6 0.63046875 0.796875 0.1203125 0.14453125
6 0.95546875 0.928125 0.0890625 0.14375
6 0.878125 0.925 0.10625 0.15