8 0.13671875 0.11484375 0.2328125 0.2296875
8 0.578125 0.2765625 0.103125 0.15
8 0.5546875 0.46328125 0.15 0.2203125
8 0.17421875 0.3453125 0.321875 0.29296875
8 0.034375 0.54453125 0.06875 0.1484375
8 0.209375 0.58203125 0.14453125 0.12734375
8 0.56640625 0.04140625 0.1078125 0.0828125
8 0.68671875 0.2671875 0.09375 0.12265625
8 0.8390625 0.29453125 0.11796875 0.18046875
8 0.03515625 0.7671875 0.0703125 0.1
8 0.24453125 0.9578125 0.1421875 0.084375
8 0.33203125 0.77734375 0.12265625 0.15390625
8 0.29609375 0.7140625 0.1609375 0.06875
8 0.16875 0.7765625 0.115625 0.13671875
8 0.57890625 0.9703125 0.1015625 0.059375
8 0.43984375 0.94765625 0.0953125 0.1046875
8 0.46171875 0.76328125 0.071875 0.125
8 0.07578125 0.8921875 0.09140625 0.103125
8 0.0328125 0.98046875 0.065625 0.0390625
8 0.76328125 0.921875 0.2671875 0.15625