7 0.36015625 0.10703125 0.1578125 0.2140625
7 0.22109375 0.23203125 0.1390625 0.2140625
7 0.6671875 0.06171875 0.228125 0.1234375
7 0.5953125 0.275 0.246875 0.128125
7 0.934375 0.28359375 0.13125 0.1109375
7 0.37421875 0.48125 0.1296875 0.228125
7 0.25390625 0.47109375 0.15390625 0.25
7 0.115625 0.48203125 0.15625 0.228125
7 0.184375 0.6875 0.15859375 0.23828125
7 0.0640625 0.69375 0.128125 0.2375
7 0.25 0.8890625 0.146875 0.221875
7 0.3765625 0.8828125 0.125 0.234375
7 0.31875 0.68125 0.1609375 0.23046875
7 0.41328125 0.67890625 0.0515625 0.2453125
7 0.03359375 0.475 0.0671875 0.26875
7 0.1125 0.8953125 0.146875 0.209375
7 0.02578125 0.890625 0.0515625 0.21875
7 0.71953125 0.66953125 0.5609375 0.6609375