6 0.2296875 0.24453125 0.459375 0.4890625
6 0.821875 0.24453125 0.35625 0.4890625
8 0.1484375 0.5953125 0.08671875 0.1078125
8 0.3765625 0.68125 0.115625 0.12734375
8 0.01796875 0.646875 0.0359375 0.096875
8 0.2625 0.78515625 0.10546875 0.115625
8 0.35703125 0.88671875 0.1390625 0.1421875
8 0.27265625 0.946875 0.0890625 0.10625
8 0.08671875 0.83046875 0.0578125 0.115625
8 0.13359375 0.7046875 0.10078125 0.0984375
8 0.1015625 0.5234375 0.121875 0.06875
8 0.0203125 0.91875 0.040625 0.146875
8 0.4296875 0.56875 0.059375 0.134375
6 0.778125 0.83359375 0.13203125 0.146875
6 0.4828125 0.971875 0.046875 0.05625
6 0.625 0.7484375 0.13203125 0.11328125
6 0.5984375 0.89375 0.08671875 0.0890625