5 0.034375 0.0328125 0.06875 0.065625
5 0.2953125 0.11171875 0.128125 0.2234375
5 0.07109375 0.2265625 0.13671875 0.1609375
5 0.14296875 0.05078125 0.1421875 0.1015625
8 0.98359375 0.021875 0.0328125 0.04375
8 0.55703125 0.2625 0.04296875 0.05546875
8 0.06640625 0.67578125 0.1328125 0.3609375
8 0.203125 0.45546875 0.3125 0.2734375
8 0.25 0.721875 0.21875 0.396875
8 0.1796875 0.9109375 0.359375 0.178125
8 0.75234375 0.8125 0.1109375 0.15859375
8 0.89296875 0.934375 0.1203125 0.13125
8 0.56015625 0.8078125 0.125 0.19921875
8 0.7046875 0.3984375 0.11328125 0.1421875
8 0.5625 0.484375 0.11328125 0.15390625
8 0.63828125 0.625 0.084375 0.16328125
8 0.91328125 0.4484375 0.07421875 0.09375
8 0.38984375 0.49453125 0.0609375 0.0859375
8 0.37578125 0.840625 0.0328125 0.103125