8 0.4296875 0.41796875 0.240625 0.5015625
8 0.11015625 0.34453125 0.2203125 0.6484375
8 0.921875 0.3921875 0.0890625 0.2015625
8 0.675 0.2125 0.07421875 0.19921875
8 0.81484375 0.07265625 0.1015625 0.1453125
8 0.96015625 0.10234375 0.0796875 0.1265625
8 0.98125 0.19140625 0.0375 0.1453125
8 0.60703125 0.40859375 0.08671875 0.1390625
8 0.68125 0.47578125 0.125 0.18515625
8 0.7921875 0.603125 0.084375 0.13125
8 0.584375 0.3109375 0.06875 0.15
8 0.6640625 0.06640625 0.11875 0.1328125
8 0.875 0.19609375 0.12265625 0.13203125
8 0.83515625 0.35859375 0.06015625 0.0984375
8 0.81328125 0.42578125 0.11328125 0.15390625
8 0.1546875 0.834375 0.309375 0.33125
8 0.428125 0.759375 0.24375 0.18125
8 0.87734375 0.7203125 0.2015625 0.103125
8 0.846875 0.90703125 0.30625 0.1859375
8 0.61015625 0.765625 0.1203125 0.19375