6 0.628125 0.12734375 0.1625 0.1984375
6 0.084375 0.1296875 0.16875 0.165625
6 0.2734375 0.28828125 0.209375 0.19453125
6 0.0921875 0.4015625 0.159375 0.15625
8 0.78203125 0.2171875 0.1453125 0.434375
8 0.90625 0.28828125 0.1875 0.3484375
6 0.19453125 0.6546875 0.2453125 0.1921875
6 0.2640625 0.88046875 0.3625 0.2390625
6 0.51875 0.87265625 0.24765625 0.24296875
6 0.66484375 0.62578125 0.0890625 0.2921875
6 0.484375 0.56953125 0.25625 0.1796875
6 0.240625 0.54609375 0.29375 0.1328125
6 0.0875 0.92734375 0.175 0.1453125
6 0.7328125 0.60859375 0.046875 0.2453125
6 0.85 0.8859375 0.1515625 0.165625
6 0.790625 0.9703125 0.059375 0.059375
6 0.9546875 0.64453125 0.090625 0.1734375