8 0.059375 0.41015625 0.11875 0.3171875
8 0.07890625 0.1515625 0.1578125 0.259375
8 0.56796875 0.2 0.1984375 0.4
8 0.4359375 0.5140625 0.159375 0.23125
8 0.28984375 0.16953125 0.1421875 0.26171875
8 0.83984375 0.31484375 0.3203125 0.6296875
8 0.01875 0.83125 0.0375 0.084375
8 0.32421875 0.6984375 0.12265625 0.11796875
8 0.628125 0.884375 0.071875 0.09609375
8 0.49921875 0.9796875 0.1078125 0.040625
8 0.41328125 0.859375 0.1109375 0.12265625
8 0.2546875 0.9875 0.115625 0.025
8 0.17421875 0.96015625 0.1265625 0.0796875
8 0.1390625 0.75625 0.115625 0.146875
8 0.83125 0.69296875 0.21640625 0.12265625
8 0.90078125 0.9125 0.1984375 0.175