8 0.3 0.15625 0.196875 0.2015625
8 0.31328125 0.43203125 0.1359375 0.1953125
8 0.459375 0.05 0.15625 0.1
6 0.71640625 0.0828125 0.1421875 0.165625
6 0.6203125 0.08515625 0.040625 0.1703125
6 0.84453125 0.43125 0.1421875 0.196875
6 0.96015625 0.08984375 0.0796875 0.1796875
6 0.2984375 0.89453125 0.159375 0.2109375
6 0.3015625 0.66953125 0.084375 0.11796875
6 0.38046875 0.6484375 0.06015625 0.103125
6 0.56328125 0.71328125 0.0625 0.08203125
6 0.03359375 0.6484375 0.0671875 0.1125
8 0.7 0.71640625 0.2 0.3734375