8 0.2984375 0.27578125 0.084375 0.1296875
8 0.56875 0.14140625 0.0625 0.1140625
8 0.3859375 0.16875 0.071875 0.1109375
8 0.321875 0.090625 0.090625 0.18125
8 0.96953125 0.19765625 0.0609375 0.2234375
8 0.565625 0.515625 0.06875 0.184375
8 0.2421875 0.534375 0.1375 0.26875
8 0.01328125 0.603125 0.0265625 0.378125
8 0.06953125 0.89453125 0.1171875 0.2109375
8 0.09921875 0.63515625 0.1109375 0.2015625
8 0.17109375 0.43984375 0.1078125 0.0796875
8 0.40625 0.8265625 0.0890625 0.2546875
8 0.29140625 0.87578125 0.103125 0.2328125
8 0.54765625 0.74609375 0.1046875 0.2390625
8 0.94765625 0.47578125 0.1046875 0.1515625
8 0.6265625 0.58203125 0.053125 0.1515625
8 0.62734375 0.90546875 0.0546875 0.1671875
8 0.634375 0.746875 0.06875 0.159375
8 0.77734375 0.65390625 0.0625 0.09609375
8 0.78828125 0.871875 0.06015625 0.09609375
8 0.765625 0.946875 0.053125 0.10625
8 0.90859375 0.94921875 0.0765625 0.1015625
8 0.95625 0.840625 0.0671875 0.10078125
8 0.809375 0.5 0.05078125 0.11328125