8 0.34296875 0.23203125 0.2046875 0.4015625
8 0.15546875 0.30703125 0.2609375 0.3234375
8 0.40234375 0.43359375 0.2484375 0.0703125
8 0.525 0.18359375 0.06875 0.1921875
8 0.746875 0.05859375 0.153125 0.1171875
8 0.61640625 0.3953125 0.1140625 0.146875
8 0.6640625 0.184375 0.16328125 0.19453125
8 0.94609375 0.109375 0.1078125 0.21875
8 0.9484375 0.3578125 0.103125 0.221875
8 0.8671875 0.31484375 0.1421875 0.2359375
8 0.21171875 0.6015625 0.1515625 0.2453125
8 0.47421875 0.86328125 0.1703125 0.2484375
8 0.38515625 0.9625 0.2046875 0.075
8 0.29375 0.7890625 0.1609375 0.18984375
8 0.42734375 0.64921875 0.1515625 0.3609375
8 0.03359375 0.7140625 0.0671875 0.215625
8 0.50625 0.53984375 0.10625 0.1421875
8 0.09296875 0.90078125 0.1390625 0.1984375
8 0.734375 0.734375 0.35 0.53125