7 0.3546875 0.3953125 0.396875 0.228125
7 0.5921875 0.37109375 0.153125 0.2765625
7 0.515625 0.1625 0.30625 0.253125
7 0.20390625 0.16640625 0.4078125 0.2859375
7 0.08359375 0.37890625 0.1671875 0.2609375
7 0.834375 0.2546875 0.33125 0.509375
6 0.39609375 0.58984375 0.2015625 0.1609375
6 0.58984375 0.5515625 0.0890625 0.084375
6 0.39921875 0.95859375 0.0609375 0.0828125
6 0.5 0.97265625 0.1 0.0546875
6 0.834375 0.85390625 0.33125 0.2921875
6 0.7484375 0.65546875 0.159375 0.2921875
6 0.93203125 0.65234375 0.1359375 0.2859375