6 0.43203125 0.30625 0.4953125 0.490625
6 0.08671875 0.34140625 0.1734375 0.5453125
6 0.32421875 0.53046875 0.5640625 0.2578125
6 0.45546875 0.6296875 0.4484375 0.059375
6 0.50625 0.0453125 0.346875 0.090625
6 0.2015625 0.05 0.303125 0.1
6 0.721875 0.25390625 0.084375 0.2796875
6 0.90625 0.26953125 0.1875 0.3453125
6 0.978125 0.43671875 0.04375 0.3703125
6 0.82734375 0.54453125 0.2515625 0.2296875
6 0.17265625 0.8296875 0.3453125 0.340625
6 0.528125 0.8296875 0.290625 0.340625
6 0.83984375 0.8296875 0.3203125 0.340625