8 0.11796875 0.09609375 0.1390625 0.1921875
8 0.11171875 0.36953125 0.1578125 0.2984375
8 0.38828125 0.21875 0.125 0.1921875
8 0.74921875 0.23359375 0.1421875 0.28359375
8 0.9859375 0.30859375 0.028125 0.3859375
8 0.896875 0.34140625 0.11328125 0.20703125
8 0.94375 0.04921875 0.1125 0.0984375
8 0.8234375 0.09375 0.1109375 0.17578125
8 0.8 0.03671875 0.146875 0.0734375
8 0.5921875 0.03125 0.10625 0.0625
8 0.58046875 0.4625 0.0921875 0.1125
8 0.69921875 0.49375 0.1046875 0.05
8 0.425 0.4265625 0.128125 0.184375
8 0.35703125 0.05390625 0.0765625 0.1078125
8 0.43359375 0.69609375 0.2296875 0.3546875
8 0.88046875 0.975 0.2265625 0.05