8 0.31953125 0.19453125 0.4390625 0.3890625
8 0.95546875 0.24609375 0.0890625 0.2859375
8 0.75625 0.271875 0.16875 0.234375
8 0.84140625 0.24921875 0.1671875 0.2796875
8 0.61015625 0.28203125 0.0984375 0.2140625
8 0.45 0.5671875 0.0671875 0.11328125
8 0.34921875 0.53671875 0.0796875 0.134375
8 0.0328125 0.88984375 0.065625 0.1359375
8 0.0328125 0.753125 0.0578125 0.0984375
8 0.253125 0.85390625 0.0671875 0.09609375
8 0.74296875 0.759375 0.2765625 0.22109375
8 0.79765625 0.4203125 0.1265625 0.0625
8 0.6390625 0.91171875 0.178125 0.103125
8 0.95390625 0.94765625 0.0921875 0.1046875
8 0.9796875 0.6109375 0.040625 0.134375
8 0.9734375 0.44921875 0.053125 0.1203125