8 0.16484375 0.228125 0.1359375 0.121875
8 0.25078125 0.05390625 0.1171875 0.1078125
8 0.0921875 0.0484375 0.1125 0.096875
8 0.35546875 0.21875 0.0953125 0.140625
8 0.3765625 0.03984375 0.06875 0.0796875
8 0.021875 0.14296875 0.04375 0.1015625
8 0.49140625 0.16484375 0.1234375 0.2484375
8 0.5109375 0.03515625 0.1625 0.0703125
8 0.9515625 0.09453125 0.096875 0.1890625
8 0.8703125 0.23828125 0.159375 0.1015625
8 0.72421875 0.04453125 0.1421875 0.0890625
8 0.34765625 0.953125 0.1640625 0.09375
8 0.2125 0.96171875 0.146875 0.0765625
8 0.34375 0.7 0.0890625 0.19921875
8 0.7203125 0.9015625 0.278125 0.196875