8 0.3015625 0.25 0.275 0.21875
8 0.58125 0.259375 0.0375 0.084375
8 0.55859375 0.1015625 0.0828125 0.134375
8 0.81953125 0.24765625 0.15390625 0.1390625
8 0.753125 0.07109375 0.16875 0.1421875
8 0.459375 0.77578125 0.0578125 0.0984375
8 0.26484375 0.70859375 0.0453125 0.09375
8 0.7390625 0.44140625 0.10078125 0.12734375
8 0.86171875 0.48125 0.071875 0.07421875
8 0.865625 0.7609375 0.0671875 0.115625
8 0.96328125 0.73125 0.0734375 0.134375
8 0.62265625 0.4 0.0453125 0.08125
8 0.746875 0.89140625 0.0671875 0.10546875
8 0.64609375 0.9703125 0.0421875 0.059375