8 0.23984375 0.21953125 0.4796875 0.4390625
8 0.540625 0.18203125 0.121875 0.3640625
8 0.84609375 0.21953125 0.3078125 0.4390625
8 0.16796875 0.78515625 0.27890625 0.228125
8 0.07421875 0.58671875 0.1484375 0.2421875
8 0.3546875 0.9734375 0.25 0.053125
8 0.09921875 0.9515625 0.1984375 0.096875
8 0.59375 0.7015625 0.1390625 0.3171875
8 0.6109375 0.50546875 0.18125 0.1328125
8 0.5171875 0.6328125 0.075 0.28125
8 0.95 0.84453125 0.1 0.3109375
8 0.58671875 0.94375 0.1578125 0.1125
8 0.83359375 0.51484375 0.1421875 0.1515625