8 0.278125 0.1203125 0.275 0.240625
8 0.48984375 0.09765625 0.0578125 0.1890625
8 0.9421875 0.034375 0.115625 0.06875
8 0.559375 0.11796875 0.07421875 0.0890625
8 0.56875 0.034375 0.084375 0.06875
8 0.63671875 0.01796875 0.0734375 0.0359375
8 0.646875 0.078125 0.10078125 0.07421875
8 0.73359375 0.13828125 0.084375 0.10078125
8 0.53671875 0.21796875 0.0359375 0.0796875
8 0.62421875 0.23203125 0.09140625 0.0796875
8 0.9515625 0.25 0.096875 0.0875
8 0.92734375 0.1203125 0.12734375 0.0625
8 0.971875 0.16328125 0.05625 0.0796875
8 0.88984375 0.1859375 0.10078125 0.0796875
8 0.2140625 0.946875 0.115625 0.10625
8 0.0625 0.675 0.10078125 0.1703125
8 0.2609375 0.7421875 0.0796875 0.15859375
8 0.64921875 0.68203125 0.2265625 0.2265625
8 0.8515625 0.7015625 0.0875 0.265625
8 0.94765625 0.77578125 0.1046875 0.2140625
8 0.9265625 0.9265625 0.146875 0.146875