6 0.27890625 0.18046875 0.21171875 0.30546875
6 0.1125 0.078125 0.225 0.15625
6 0.5265625 0.07109375 0.10625 0.1421875
6 0.4921875 0.22734375 0.175 0.2296875
6 0.9078125 0.07421875 0.184375 0.1484375
6 0.6140625 0.20703125 0.06875 0.1921875
6 0.11015625 0.92265625 0.2203125 0.1546875
6 0.37734375 0.89296875 0.2734375 0.2140625
6 0.475 0.4921875 0.209375 0.146875
6 0.31484375 0.5234375 0.21171875 0.1828125
6 0.43203125 0.653125 0.22578125 0.27421875
6 0.52890625 0.79453125 0.1015625 0.2359375
6 0.54921875 0.621875 0.0609375 0.2
6 0.04609375 0.71015625 0.0921875 0.1671875
6 0.1484375 0.54375 0.165625 0.21875
6 0.17734375 0.58671875 0.11796875 0.146875
6 0.78984375 0.709375 0.4203125 0.58125