7 0.26953125 0.3046875 0.5390625 0.609375
6 0.6703125 0.08125 0.13125 0.1625
6 0.9265625 0.096875 0.08203125 0.146875
6 0.975 0.14453125 0.05 0.1203125
6 0.96796875 0.225 0.0640625 0.08125
6 0.97421875 0.4921875 0.0515625 0.178125
6 0.76484375 0.35390625 0.1296875 0.14921875
6 0.71953125 0.5328125 0.1296875 0.153125
6 0.8703125 0.5703125 0.1125 0.078125
6 0.91171875 0.309375 0.0984375 0.14921875
6 0.5890625 0.08828125 0.1 0.1765625
6 0.85234375 0.0625 0.0796875 0.125
6 0.4609375 0.76484375 0.15625 0.2703125
6 0.6515625 0.8046875 0.225 0.390625