8 0.48359375 0.1859375 0.0921875 0.21875
8 0.20078125 0.13359375 0.1484375 0.2671875
8 0.03125 0.04765625 0.0625 0.0953125
8 0.57421875 0.2734375 0.0890625 0.290625
8 0.77890625 0.328125 0.2984375 0.18125
8 0.9015625 0.2390625 0.196875 0.359375
8 0.209375 0.87109375 0.21875 0.25234375
8 0.42109375 0.89921875 0.1390625 0.2015625
8 0.42421875 0.77421875 0.2109375 0.3453125
8 0.82578125 0.484375 0.1953125 0.13125
8 0.659375 0.43984375 0.18125 0.0421875
8 0.89765625 0.75234375 0.1421875 0.2640625
8 0.771875 0.8578125 0.08671875 0.09375
8 0.69609375 0.71328125 0.11796875 0.08203125