6 0.12421875 0.14765625 0.12265625 0.07421875
6 0.090625 0.26796875 0.1296875 0.0765625
6 0.215625 0.26640625 0.115625 0.1203125
6 0.1375 0.4640625 0.1390625 0.11796875
6 0.0171875 0.428125 0.034375 0.13125
6 0.35234375 0.37265625 0.0734375 0.0921875
6 0.62265625 0.5734375 0.2140625 0.253125
6 0.73828125 0.36640625 0.16796875 0.31484375
6 0.86328125 0.50703125 0.146875 0.165625
6 0.890625 0.29921875 0.10546875 0.31484375
6 0.43203125 0.5109375 0.0859375 0.271875
6 0.553125 0.46640625 0.196875 0.2984375
6 0.05703125 0.91484375 0.1140625 0.1703125
6 0.33984375 0.75546875 0.0984375 0.1109375
6 0.37421875 0.8796875 0.0296875 0.196875
6 0.21171875 0.8375 0.103125 0.18515625
6 0.09609375 0.75625 0.0890625 0.1125
6 0.69453125 0.8421875 0.6109375 0.284375