7 0.453125 0.04921875 0.06875 0.0984375
7 0.46953125 0.35859375 0.15625 0.28359375
7 0.31015625 0.059375 0.1078125 0.11875
7 0.14140625 0.19140625 0.1078125 0.1421875
7 0.14296875 0.090625 0.10546875 0.125
7 0.4421875 0.54375 0.103125 0.05
7 0.83984375 0.284375 0.3203125 0.56875
6 0.303125 0.725 0.275 0.3125
6 0.4890625 0.80625 0.14453125 0.31015625
6 0.25390625 0.90859375 0.1671875 0.1828125
6 0.46015625 0.95625 0.1703125 0.0875
6 0.5953125 0.84140625 0.16875 0.2671875
7 0.83984375 0.784375 0.3203125 0.43125