6 0.3171875 0.3796875 0.484375 0.478125
8 0.58984375 0.20234375 0.0609375 0.1265625
8 0.6640625 0.0171875 0.053125 0.034375
8 0.5859375 0.40859375 0.053125 0.1421875
8 0.87734375 0.5625 0.1421875 0.1125
8 0.94140625 0.41484375 0.1078125 0.12265625
8 0.775 0.234375 0.06953125 0.06484375
8 0.84375 0.22734375 0.0578125 0.1203125
8 0.89765625 0.1953125 0.09375 0.09609375
8 0.7921875 0.03203125 0.08125 0.0640625
8 0.70703125 0.09296875 0.08203125 0.084375
8 0.63203125 0.09140625 0.09140625 0.134375
6 0.4625 0.69765625 0.19375 0.1578125
6 0.1734375 0.8671875 0.228125 0.265625
6 0.05078125 0.7734375 0.1015625 0.309375
6 0.496875 0.9640625 0.125 0.071875
6 0.7796875 0.809375 0.440625 0.38125