8 0.31015625 0.22734375 0.2046875 0.1453125
8 0.16953125 0.07734375 0.1546875 0.1546875
8 0.91953125 0.15 0.1609375 0.3
8 0.334375 0.65 0.66875 0.7
8 0.73125 0.60234375 0.125 0.21640625
8 0.96640625 0.48984375 0.0671875 0.2078125
8 0.87421875 0.32890625 0.1265625 0.0578125
8 0.71875 0.34140625 0.1 0.0828125
8 0.865625 0.69296875 0.09609375 0.18046875
8 0.8609375 0.90546875 0.0671875 0.15390625
8 0.70390625 0.94609375 0.0703125 0.1078125
8 0.709375 0.46875 0.08125 0.15
8 0.84296875 0.53046875 0.09140625 0.13203125
8 0.98046875 0.9703125 0.0390625 0.059375
8 0.94921875 0.934375 0.0609375 0.13125