5 0.2015625 0.2890625 0.403125 0.2
4 0.76171875 0.24296875 0.4265625 0.2921875
4 0.57265625 0.10078125 0.3078125 0.2015625
5 0.125 0.69453125 0.25 0.6109375
5 0.62421875 0.7359375 0.12734375 0.2046875
5 0.82265625 0.75 0.13203125 0.2046875
5 0.4703125 0.7921875 0.08203125 0.165625
5 0.70703125 0.95546875 0.0953125 0.0890625
5 0.571875 0.96171875 0.165625 0.0765625
5 0.915625 0.9578125 0.16875 0.084375
5 0.7765625 0.43984375 0.096875 0.1015625
5 0.578125 0.48125 0.15 0.184375
5 0.90234375 0.4890625 0.09140625 0.1921875