7 0.2296875 0.27265625 0.459375 0.5453125
7 0.7296875 0.28984375 0.540625 0.5796875
7 0.2296875 0.78984375 0.459375 0.4203125
7 0.86328125 0.81484375 0.18515625 0.228125
7 0.91640625 0.6625 0.1671875 0.165625
7 0.71484375 0.80390625 0.15390625 0.25
7 0.5765625 0.81484375 0.15625 0.228125
7 0.64453125 0.95 0.1578125 0.1
7 0.52421875 0.95390625 0.1296875 0.0921875
7 0.77890625 0.94921875 0.1609375 0.1015625
7 0.91796875 0.94453125 0.1390625 0.1109375
7 0.64375 0.64765625 0.153125 0.1359375
7 0.52578125 0.65 0.1328125 0.140625
7 0.49375 0.8078125 0.06875 0.26875