8 0.575 0.1703125 0.1203125 0.071875
8 0.19765625 0.028125 0.0984375 0.05625
8 0.1125 0.19375 0.1078125 0.14453125
8 0.278125 0.1578125 0.06953125 0.1078125
8 0.6359375 0.3171875 0.0875 0.090625
8 0.4125 0.278125 0.08203125 0.1078125
8 0.50546875 0.271875 0.0765625 0.09609375
8 0.41953125 0.09765625 0.10078125 0.14453125
8 0.034375 0.3796875 0.06875 0.11875
8 0.83984375 0.21953125 0.3203125 0.4390625
8 0.1515625 0.7421875 0.303125 0.478125
8 0.48125 0.75625 0.3484375 0.35078125
8 0.6265625 0.5578125 0.10625 0.2375
8 0.1296875 0.9546875 0.259375 0.090625
8 0.39375 0.53203125 0.29375 0.1859375
5 0.83984375 0.7171875 0.3203125 0.253125