8 0.73671875 0.0578125 0.2015625 0.115625
8 0.91484375 0.13046875 0.1703125 0.0984375
8 0.13671875 0.48515625 0.11796875 0.209375
8 0.22109375 0.8703125 0.2046875 0.16328125
8 0.36015625 0.625 0.1703125 0.12734375
8 0.1 0.21171875 0.103125 0.0640625
8 0.3265625 0.3375 0.1421875 0.12734375
8 0.60390625 0.63203125 0.115625 0.2046875
8 0.834375 0.24296875 0.115625 0.1265625
8 0.6859375 0.96328125 0.2 0.0734375
8 0.8234375 0.76796875 0.16796875 0.125
8 0.56875 0.34453125 0.10078125 0.10078125
8 0.79140625 0.48515625 0.1390625 0.125