6 0.465625 0.2203125 0.146875 0.378125
6 0.36875 0.32109375 0.340625 0.1765625
6 0.8859375 0.31015625 0.228125 0.1984375
6 0.62578125 0.21875 0.1734375 0.38125
6 0.9609375 0.22578125 0.078125 0.2984375
7 0.0390625 0.79140625 0.078125 0.0578125
7 0.1984375 0.5578125 0.16328125 0.07421875
7 0.20234375 0.4234375 0.1203125 0.028125
7 0.38046875 0.47578125 0.11796875 0.06015625
7 0.11796875 0.49375 0.146875 0.0578125
7 0.0921875 0.86796875 0.184375 0.0484375
7 0.6421875 0.80078125 0.20625 0.3984375
7 0.87890625 0.7046875 0.2421875 0.590625