8 0.2296875 0.09609375 0.125 0.1921875
8 0.47734375 0.03828125 0.0921875 0.0765625
8 0.10703125 0.15859375 0.06953125 0.1421875
8 0.58359375 0.22734375 0.0328125 0.2046875
8 0.3640625 0.17578125 0.09609375 0.18046875
8 0.1328125 0.04140625 0.08125 0.0828125
8 0.340625 0.0390625 0.090625 0.078125
8 0.565625 0.04375 0.06875 0.0875
8 0.76171875 0.09609375 0.2015625 0.1921875
8 0.9078125 0.1515625 0.184375 0.303125
8 0.7125 0.24375 0.225 0.171875
8 0.2953125 0.6890625 0.590625 0.621875
8 0.65625 0.52109375 0.1125 0.3296875
8 0.8515625 0.50625 0.240625 0.353125
8 0.68125 0.83125 0.1625 0.24375
8 0.84921875 0.88984375 0.1359375 0.2203125