8 0.05859375 0.32265625 0.1171875 0.4484375
8 0.340625 0.2296875 0.078125 0.396875
8 0.80390625 0.384375 0.3265625 0.36875
8 0.396875 0.16171875 0.034375 0.1359375
8 0.4421875 0.52109375 0.125 0.0953125
8 0.2328125 0.6734375 0.0671875 0.11328125
8 0.13203125 0.64296875 0.0796875 0.134375
8 0.34921875 0.80234375 0.0609375 0.1046875
8 0.03515625 0.95546875 0.0671875 0.0890625
8 0.63125 0.79609375 0.22109375 0.1875
8 0.471875 0.8921875 0.134375 0.15390625
8 0.4984375 0.74296875 0.18046875 0.15390625
8 0.7515625 0.93125 0.146875 0.1375