8 0.56640625 0.05703125 0.1953125 0.1140625
5 0.325 0.82109375 0.27421875 0.22109375
5 0.075 0.79765625 0.15 0.1828125
5 0.3734375 0.94375 0.190625 0.1125
5 0.10703125 0.928125 0.2140625 0.14375
5 0.3328125 0.39609375 0.271875 0.0734375
5 0.06953125 0.44140625 0.1390625 0.1640625
5 0.290625 0.5671875 0.321875 0.23046875
8 0.9296875 0.80078125 0.10078125 0.17578125
8 0.91796875 0.95625 0.1359375 0.0875
8 0.81171875 0.8109375 0.11328125 0.15625
8 0.7625 0.51171875 0.0984375 0.1203125
8 0.50625 0.55390625 0.075 0.1953125
8 0.5609375 0.8515625 0.084375 0.17578125
8 0.675 0.934375 0.128125 0.13125