8 0.0703125 0.0671875 0.10625 0.134375
8 0.3953125 0.25546875 0.109375 0.2328125
8 0.20546875 0.27734375 0.14921875 0.15859375
8 0.296875 0.08203125 0.1609375 0.13671875
8 0.084375 0.4265625 0.16875 0.084375
8 0.58984375 0.1796875 0.21875 0.2953125
8 0.91484375 0.17578125 0.1703125 0.2515625
8 0.60703125 0.43203125 0.2453125 0.0734375
8 0.90234375 0.4234375 0.1953125 0.090625
8 0.0859375 0.709375 0.146875 0.1828125
8 0.01953125 0.7765625 0.0390625 0.271875
8 0.42421875 0.90703125 0.0515625 0.1859375
8 0.67578125 0.9515625 0.0453125 0.0625
8 0.8953125 0.54609375 0.0453125 0.06015625
8 0.6109375 0.646875 0.05078125 0.05078125
8 0.47734375 0.971875 0.03359375 0.0453125