8 0.35390625 0.1515625 0.0984375 0.115625
8 0.1234375 0.60625 0.09375 0.0875
8 0.353125 0.6125 0.06875 0.075
8 0.26875 0.346875 0.1078125 0.14453125
8 0.41875 0.31015625 0.040625 0.1078125
8 0.09765625 0.11484375 0.0984375 0.125
8 0.26953125 0.02578125 0.1203125 0.0515625
8 0.02265625 0.5359375 0.0453125 0.090625
8 0.08828125 0.375 0.0765625 0.10078125
8 0.16484375 0.54921875 0.1203125 0.1515625
5 0.83671875 0.15078125 0.16328125 0.1875
5 0.8484375 0.3421875 0.1109375 0.165625
5 0.96953125 0.39765625 0.0609375 0.2015625
5 0.5078125 0.0578125 0.1375 0.115625
5 0.54453125 0.4671875 0.17578125 0.23046875
5 0.6625 0.184375 0.125 0.2546875
5 0.79140625 0.57734375 0.1359375 0.1453125
5 0.72109375 0.40859375 0.1421875 0.10546875
5 0.53515625 0.253125 0.13203125 0.14453125
8 0.29296875 0.95390625 0.2515625 0.0921875
8 0.70703125 0.75390625 0.1640625 0.2078125
8 0.72109375 0.9078125 0.2359375 0.184375