7 0.3359375 0.1546875 0.2875 0.309375
7 0.12578125 0.1546875 0.2515625 0.309375
7 0.90625 0.1546875 0.1875 0.309375
7 0.64453125 0.15234375 0.3296875 0.3046875
6 0.3265625 0.6 0.06953125 0.09140625
6 0.42421875 0.4421875 0.0890625 0.09140625
6 0.34765625 0.978125 0.0515625 0.04375
6 0.34609375 0.81171875 0.084375 0.1296875
6 0.07109375 0.46640625 0.0578125 0.12265625
6 0.015625 0.621875 0.03125 0.096875
6 0.1625 0.39453125 0.0796875 0.12265625
6 0.46953125 0.36875 0.0203125 0.1125
7 0.8125 0.75078125 0.321875 0.4421875
7 0.6296875 0.45 0.3 0.259375
7 0.5578125 0.8578125 0.15625 0.284375