6 0.18984375 0.234375 0.3796875 0.46875
6 0.5125 0.115625 0.209375 0.23125
6 0.68359375 0.0375 0.1578125 0.075
6 0.87109375 0.04453125 0.1921875 0.0890625
6 0.89375 0.39140625 0.2125 0.1546875
6 0.67109375 0.384375 0.2390625 0.16875
6 0.471875 0.3984375 0.1625 0.140625
6 0.42265625 0.3265625 0.0859375 0.284375
6 0.88046875 0.25390625 0.2390625 0.2984375
6 0.9765625 0.1 0.046875 0.178125
6 0.42890625 0.096875 0.0984375 0.19375
6 0.18984375 0.71171875 0.3796875 0.4859375
6 0.78828125 0.6703125 0.13203125 0.16796875
6 0.92109375 0.55625 0.1578125 0.11875
6 0.86171875 0.7265625 0.09140625 0.13203125