6 0.5984375 0.19765625 0.08125 0.2640625
6 0.35703125 0.171875 0.1421875 0.21171875
6 0.9125 0.26640625 0.175 0.2046875
6 0.68359375 0.08046875 0.0890625 0.1609375
6 0.6890625 0.1953125 0.1 0.165625
6 0.7234375 0.309375 0.16875 0.11875
6 0.45078125 0.75859375 0.11796875 0.15859375
6 0.5 0.5625 0.11796875 0.103125
6 0.61875 0.565625 0.040625 0.1375
6 0.4234375 0.928125 0.11875 0.14375
6 0.10078125 0.82734375 0.09375 0.1609375
6 0.13125 0.4703125 0.08203125 0.134375
6 0.0234375 0.65078125 0.046875 0.1296875
6 0.03125 0.74921875 0.0625 0.1109375
6 0.1625 0.9421875 0.090625 0.115625
6 0.23828125 0.75625 0.09609375 0.115625
6 0.215625 0.5703125 0.11328125 0.15390625
6 0.53671875 0.38203125 0.0703125 0.0265625
6 0.609375 0.403125 0.059375 0.06875
6 0.590625 0.8359375 0.0890625 0.13671875
6 0.53828125 0.928125 0.06484375 0.1296875
6 0.3015625 0.88125 0.09375 0.08671875
6 0.3328125 0.71171875 0.08671875 0.12734375
6 0.334375 0.45 0.1078125 0.1109375
6 0.42109375 0.45 0.0671875 0.146875
6 0.6765625 0.69921875 0.075 0.1796875
6 0.796875 0.5296875 0.315625 0.21875
6 0.89921875 0.62734375 0.2015625 0.1484375
6 0.74453125 0.94140625 0.1703125 0.1171875
6 0.69296875 0.9609375 0.1078125 0.078125
6 0.94453125 0.9515625 0.1109375 0.096875