6 0.10546875 0.1140625 0.2109375 0.228125
6 0.2875 0.1296875 0.125 0.259375
6 0.6546875 0.15 0.609375 0.21875
6 0.175 0.5796875 0.35 0.640625
6 0.43828125 0.7625 0.1765625 0.475
6 0.94140625 0.40859375 0.1171875 0.2984375
6 0.728125 0.39765625 0.26953125 0.2640625
6 0.478125 0.33203125 0.196875 0.1453125
6 0.8171875 0.8984375 0.271875 0.203125
6 0.90859375 0.78671875 0.1828125 0.2703125
6 0.95859375 0.653125 0.0828125 0.159375
6 0.853125 0.6234375 0.1296875 0.209375
6 0.73984375 0.609375 0.15390625 0.1203125
6 0.603125 0.67578125 0.18515625 0.15390625
6 0.5515625 0.90859375 0.221875 0.1828125