6 0.40859375 0.16875 0.06953125 0.06015625
6 0.21171875 0.5109375 0.1203125 0.12734375
6 0.2515625 0.253125 0.071875 0.08203125
6 0.0984375 0.1125 0.09375 0.084375
6 0.02578125 0.5703125 0.0515625 0.059375
6 0.06484375 0.41171875 0.08203125 0.0890625
6 0.05546875 0.2890625 0.06015625 0.09609375
6 0.125 0.28046875 0.0671875 0.09375
8 0.55390625 0.08984375 0.084375 0.12265625
8 0.6546875 0.0921875 0.08671875 0.1296875
8 0.86328125 0.36015625 0.13203125 0.18046875
8 0.98359375 0.2109375 0.0328125 0.15
8 0.76171875 0.21640625 0.10078125 0.1390625
8 0.70078125 0.40703125 0.09375 0.1703125
6 0.24453125 0.8 0.4890625 0.4
6 0.74453125 0.86484375 0.5109375 0.2703125
6 0.85625 0.6703125 0.2875 0.140625