6 0.44921875 0.34453125 0.2390625 0.1296875
6 0.171875 0.3171875 0.28125 0.184375
6 0.2375 0.02265625 0.21875 0.0453125
6 0.1171875 0.11328125 0.23125 0.2265625
6 0.034375 0.23359375 0.06875 0.2453125
6 0.51640625 0.14609375 0.1046875 0.1734375
6 0.40625 0.04296875 0.16875 0.0859375
6 0.37734375 0.046875 0.1203125 0.09375
6 0.784375 0.2046875 0.43125 0.409375
6 0.43671875 0.70234375 0.11796875 0.15859375
6 0.4859375 0.50625 0.11796875 0.103125
6 0.41015625 0.8828125 0.11796875 0.165625
6 0.08671875 0.77109375 0.09375 0.1609375
6 0.11640625 0.4453125 0.0828125 0.071875
6 0.01640625 0.59453125 0.0328125 0.1296875
6 0.02421875 0.69296875 0.0484375 0.1109375
6 0.1484375 0.9140625 0.090625 0.171875
6 0.22421875 0.7 0.09609375 0.115625
6 0.2015625 0.5140625 0.11328125 0.15390625
6 0.55 0.77890625 0.0375 0.1359375
6 0.52421875 0.871875 0.06484375 0.1296875
6 0.2875 0.825 0.09375 0.08671875
6 0.31875 0.65546875 0.08671875 0.12734375
6 0.31953125 0.42890625 0.1078125 0.0390625
6 0.40703125 0.43828125 0.0671875 0.0578125
6 0.303125 0.9671875 0.071875 0.065625
6 0.7140625 0.7546875 0.290625 0.490625
6 0.75625 0.53203125 0.375 0.2453125