6 0.4125 0.0484375 0.11875 0.096875
6 0.38671875 0.1984375 0.11796875 0.165625
6 0.06328125 0.08671875 0.09375 0.1609375
6 0.025 0.39453125 0.05 0.0703125
6 0.12578125 0.23671875 0.09140625 0.18515625
6 0.2 0.03671875 0.096875 0.0734375
6 0.6578125 0.04140625 0.084375 0.0828125
6 0.553125 0.0953125 0.0890625 0.13671875
6 0.50078125 0.1875 0.06484375 0.1296875
6 0.68203125 0.2796875 0.0546875 0.103125
6 0.2640625 0.140625 0.09375 0.08671875
6 0.29453125 0.0171875 0.0859375 0.034375
6 0.2796875 0.29453125 0.071875 0.08671875
6 0.8546875 0.21484375 0.290625 0.4296875
6 0.48203125 0.64453125 0.4546875 0.2140625
6 0.48046875 0.88515625 0.4578125 0.2296875
6 0.8546875 0.71484375 0.290625 0.5703125