8 0.0375 0.40703125 0.075 0.2671875
8 0.2515625 0.5328125 0.1875 0.26171875
8 0.5859375 0.1578125 0.18984375 0.22109375
8 0.53671875 0.628125 0.1578125 0.1625
8 0.25078125 0.11953125 0.1546875 0.2390625
8 0.078125 0.034375 0.065625 0.06875
8 0.046875 0.65546875 0.09375 0.1078125
8 0.70234375 0.59765625 0.0734375 0.2234375
8 0.92265625 0.28515625 0.1546875 0.3171875
8 0.86640625 0.14375 0.2546875 0.2875
8 0.8125 0.4078125 0.146875 0.334375
8 0.390625 0.8546875 0.696875 0.290625
8 0.86953125 0.8546875 0.2609375 0.290625