6 0.184375 0.46875 0.16875 0.08125
6 0.33671875 0.43515625 0.1046875 0.1484375
6 0.69453125 0.2546875 0.6109375 0.509375
6 0.19453125 0.7546875 0.3890625 0.490625
8 0.503125 0.878125 0.08671875 0.1078125
8 0.73125 0.95 0.115625 0.1
8 0.83359375 0.75625 0.053125 0.0796875
8 0.8546875 0.64609375 0.0984375 0.14453125
8 0.8953125 0.5671875 0.09375 0.115625
8 0.73125 0.6640625 0.10078125 0.14921875
8 0.53203125 0.57109375 0.1078125 0.1234375
8 0.4203125 0.5390625 0.0625 0.059375
8 0.4875 0.96875 0.1 0.0625
8 0.94296875 0.98125 0.0703125 0.0375
8 0.96015625 0.7671875 0.0796875 0.115625
8 0.45703125 0.78515625 0.12265625 0.1109375
8 0.575 0.72734375 0.0578125 0.10078125
8 0.66953125 0.528125 0.0609375 0.0375
8 0.87578125 0.85390625 0.08203125 0.084375
8 0.80078125 0.85234375 0.09140625 0.134375