6 0.3875 0.1890625 0.24375 0.378125
6 0.05234375 0.175 0.1046875 0.228125
6 0.71015625 0.10078125 0.2703125 0.2015625
6 0.5609375 0.3 0.103125 0.2375
6 0.6984375 0.29921875 0.2125 0.2390625
6 0.8796875 0.29375 0.228125 0.25
6 0.9109375 0.1015625 0.178125 0.203125
8 0.0984375 0.8171875 0.08671875 0.1078125
8 0.3265625 0.903125 0.115625 0.12734375
8 0.42890625 0.6953125 0.053125 0.0796875
8 0.45 0.58515625 0.0984375 0.14453125
8 0.4765625 0.5015625 0.065625 0.125
8 0.3265625 0.603125 0.10078125 0.14921875
8 0.12734375 0.4953125 0.1078125 0.153125
8 0.0234375 0.46328125 0.046875 0.0890625
8 0.21171875 0.97421875 0.1046875 0.0515625
8 0.08359375 0.9265625 0.10078125 0.0984375
8 0.05625 0.72421875 0.1125 0.1109375
8 0.1703125 0.66640625 0.0578125 0.10078125
8 0.26484375 0.45234375 0.0609375 0.0671875
8 0.46953125 0.7921875 0.0796875 0.084375
8 0.39609375 0.79140625 0.09140625 0.134375
6 0.91171875 0.58046875 0.1765625 0.3234375
6 0.86875 0.84375 0.2625 0.3125
6 0.63046875 0.89921875 0.2421875 0.2015625
6 0.59296875 0.665625 0.1671875 0.34375