8 0.2828125 0.3 0.1203125 0.18046875
8 0.0875 0.07578125 0.1 0.1515625
8 0.09921875 0.5390625 0.0859375 0.121875
8 0.24609375 0.5046875 0.1203125 0.190625
8 0.38046875 0.56328125 0.1015625 0.0734375
8 0.47265625 0.33046875 0.1203125 0.2234375
8 0.33515625 0.025 0.1546875 0.05
8 0.3515625 0.1078125 0.15390625 0.17578125
8 0.90234375 0.31484375 0.1953125 0.5703125
8 0.0828125 0.68125 0.165625 0.1625
8 0.31015625 0.6734375 0.2265625 0.146875
8 0.31015625 0.94296875 0.2515625 0.1140625
8 0.83203125 0.7734375 0.3359375 0.346875