6 0.33984375 0.17109375 0.0390625 0.0609375
6 0.15859375 0.4796875 0.1203125 0.059375
6 0.1984375 0.25625 0.071875 0.08203125
6 0.04609375 0.115625 0.0921875 0.084375
6 0.02578125 0.41484375 0.0515625 0.0890625
6 0.015625 0.29140625 0.03125 0.0953125
6 0.071875 0.28359375 0.0671875 0.09375
8 0.53515625 0.29453125 0.3453125 0.4296875
8 0.76953125 0.2546875 0.3828125 0.509375
8 0.47109375 0.42421875 0.2234375 0.1703125
6 0.1328125 0.64296875 0.265625 0.2671875
6 0.25078125 0.80546875 0.21640625 0.3703125
8 0.8 0.58125 0.240625 0.14375
8 0.95859375 0.73359375 0.0828125 0.4484375
8 0.85703125 0.8390625 0.2859375 0.321875
8 0.73984375 0.95625 0.2796875 0.0875
8 0.51796875 0.94765625 0.1484375 0.1046875