6 0.15 0.2375 0.3 0.425
6 0.70546875 0.121875 0.2046875 0.24375
6 0.87265625 0.03828125 0.2359375 0.0765625
6 0.88828125 0.36484375 0.2234375 0.1703125
6 0.43203125 0.34921875 0.1484375 0.2015625
6 0.58359375 0.39765625 0.1921875 0.1046875
6 0.4125 0.0296875 0.209375 0.059375
6 0.46953125 0.14375 0.23046875 0.22109375
6 0.06875 0.7171875 0.1375 0.534375
6 0.23828125 0.70390625 0.1234375 0.4640625
6 0.84609375 0.80234375 0.06953125 0.16796875
6 0.459375 0.84296875 0.0765625 0.0671875
6 0.6 0.89375 0.06953125 0.06953125