6 0.32421875 0.334375 0.2296875 0.23125
6 0.54140625 0.32109375 0.0953125 0.1671875
6 0.16640625 0.365625 0.1234375 0.16875
6 0.19765625 0.175 0.11328125 0.24765625
6 0.33671875 0.04609375 0.0984375 0.0921875
6 0.45546875 0.0421875 0.1265625 0.084375
6 0.05703125 0.0984375 0.1140625 0.115625
6 0.8703125 0.184375 0.24375 0.36875
6 0.32265625 0.859375 0.3671875 0.28125
6 0.4375 0.71328125 0.303125 0.4484375
6 0.13359375 0.5578125 0.2328125 0.215625
6 0.08203125 0.81171875 0.1640625 0.3765625
6 0.78515625 0.725 0.3921875 0.55