8 0.40703125 0.1671875 0.0234375 0.11875
8 0.0515625 0.17265625 0.09609375 0.11328125
8 0.4 0.3140625 0.0375 0.05
8 0.353125 0.23359375 0.1296875 0.11796875
8 0.2921875 0.009375 0.08125 0.01875
8 0.2609375 0.1109375 0.0625 0.06953125
8 0.39453125 0.0578125 0.0484375 0.096875
8 0.19140625 0.0546875 0.0625 0.0890625
8 0.146875 0.27578125 0.05546875 0.09609375
8 0.04921875 0.275 0.08203125 0.0578125
8 0.8671875 0.165625 0.265625 0.33125
8 0.6671875 0.24921875 0.378125 0.1796875
8 0.209375 0.60859375 0.41875 0.5390625
8 0.66171875 0.9796875 0.03828125 0.0359375