8 0.05546875 0.3625 0.1109375 0.434375
8 0.2671875 0.02578125 0.128125 0.0515625
8 0.325 0.271875 0.06875 0.384375
8 0.5546875 0.24765625 0.278125 0.4953125
8 0.83125 0.14375 0.315625 0.2875
8 0.42421875 0.08828125 0.1296875 0.1765625
8 0.72421875 0.43203125 0.1796875 0.3546875
5 0.30234375 0.71875 0.1140625 0.21875
8 0.571875 0.68671875 0.28125 0.1546875
8 0.94140625 0.78828125 0.1171875 0.1421875
8 0.678125 0.8078125 0.18046875 0.103125
8 0.721875 0.98125 0.075 0.0375
8 0.8234375 0.96796875 0.071875 0.0640625
8 0.38046875 0.87734375 0.0421875 0.1703125