8 0.09765625 0.16015625 0.09140625 0.12265625
8 0.028125 0.3734375 0.05625 0.146875
8 0.0734375 0.06171875 0.146875 0.1078125
8 0.2265625 0.34296875 0.1078125 0.1734375
8 0.33515625 0.390625 0.0296875 0.125
8 0.675 0.20234375 0.65 0.4046875
8 0.071875 0.85859375 0.14375 0.2109375
8 0.2296875 0.74765625 0.19921875 0.26171875
8 0.24296875 0.9359375 0.2140625 0.128125
8 0.18671875 0.57265625 0.1578125 0.1859375
8 0.3125 0.59921875 0.075 0.2390625
8 0.8578125 0.85078125 0.12265625 0.07421875
8 0.471875 0.6765625 0.10078125 0.115625
8 0.39453125 0.875 0.0890625 0.146875
8 0.553125 0.8375 0.071875 0.1109375
8 0.39765625 0.528125 0.0953125 0.096875
8 0.92421875 0.9765625 0.1015625 0.046875
8 0.690625 0.95234375 0.08125 0.0953125
8 0.78515625 0.953125 0.0796875 0.09375
8 0.6984375 0.778125 0.103125 0.146875