6 0.16953125 0.175 0.3390625 0.35
6 0.1828125 0.3234375 0.271875 0.053125
6 0.6484375 0.0234375 0.15625 0.046875
6 0.76796875 0.16953125 0.22109375 0.19453125
6 0.9484375 0.09375 0.103125 0.1875
6 0.95625 0.2796875 0.0875 0.140625
6 0.4734375 0.24375 0.26875 0.2125
6 0.496875 0.07421875 0.21875 0.1484375
6 0.065625 0.5765625 0.13125 0.1625
6 0.1734375 0.46953125 0.1078125 0.17578125
6 0.93046875 0.9296875 0.1390625 0.140625
6 0.70859375 0.9296875 0.2234375 0.140625
6 0.38359375 0.89921875 0.0890625 0.2015625
6 0.65 0.765625 0.196875 0.21875
6 0.915625 0.76953125 0.16875 0.1953125
6 0.8921875 0.44609375 0.215625 0.1921875
6 0.575 0.52421875 0.146875 0.26171875
6 0.35390625 0.43359375 0.0296875 0.1671875
6 0.365625 0.596875 0.053125 0.271875
6 0.44921875 0.65859375 0.16796875 0.2328125