8 0.23671875 0.36640625 0.1484375 0.0859375
8 0.19140625 0.23125 0.12734375 0.18046875
8 0.0359375 0.3078125 0.071875 0.115625
8 0.8953125 0.36484375 0.134375 0.0890625
8 0.66796875 0.0171875 0.1359375 0.034375
8 0.18125 0.4296875 0.33125 0.040625
8 0.17421875 0.53515625 0.334375 0.12734375
8 0.18203125 0.69140625 0.36328125 0.14453125
8 0.18203125 0.85703125 0.3484375 0.15625
8 0.2046875 0.975 0.409375 0.05
8 0.82421875 0.53125 0.1796875 0.24375
8 0.67265625 0.5765625 0.11328125 0.2984375
8 0.65 0.8640625 0.15 0.271875
8 0.871875 0.79921875 0.18515625 0.24296875