8 0.03671875 0.41015625 0.0734375 0.1359375
8 0.196875 0.28125 0.07421875 0.12734375
8 0.04453125 0.0796875 0.0890625 0.153125
8 0.02109375 0.22890625 0.0421875 0.1109375
8 0.97734375 0.2375 0.0453125 0.184375
8 0.66640625 0.25234375 0.13671875 0.2765625
8 0.52265625 0.35703125 0.1109375 0.2015625
8 0.48046875 0.06015625 0.1015625 0.1203125
8 0.59453125 0.1171875 0.1078125 0.1703125
8 0.61640625 0.0484375 0.1421875 0.096875
8 0.8171875 0.04296875 0.10625 0.0859375
8 0.82890625 0.4546875 0.0890625 0.06875
8 0.959375 0.41875 0.08125 0.140625
8 0.17109375 0.83203125 0.13671875 0.2765625
8 0.04140625 0.91796875 0.0828125 0.1640625
8 0.01796875 0.63046875 0.0359375 0.1390625
8 0.09921875 0.696875 0.1078125 0.1703125
8 0.121875 0.58828125 0.1421875 0.178125
8 0.05 0.521875 0.1 0.065625
8 0.32265625 0.5796875 0.10546875 0.1734375
8 0.70625 0.640625 0.08203125 0.12734375
8 0.82890625 0.79921875 0.06953125 0.103125
8 0.45234375 0.52734375 0.0453125 0.0765625
8 0.5140625 0.8609375 0.1203125 0.09375
8 0.4625 0.9734375 0.0625 0.053125
8 0.62109375 0.5390625 0.0703125 0.1
8 0.6828125 0.51875 0.0875 0.059375