8 0.51328125 0.24921875 0.1015625 0.1203125
8 0.3953125 0.259375 0.1125 0.1
8 0.34609375 0.02421875 0.0984375 0.0484375
8 0.08671875 0.0640625 0.0828125 0.128125
8 0.1453125 0.27421875 0.084375 0.0703125
8 0.3796875 0.74375 0.1875 0.4234375
8 0.5375 0.87578125 0.084375 0.2484375
8 0.55625 0.6609375 0.046875 0.19375
8 0.2296875 0.73046875 0.09140625 0.17578125
8 0.11875 0.64609375 0.1515625 0.228125
8 0.11953125 0.91875 0.1265625 0.1625
8 0.2546875 0.96328125 0.09375 0.0734375
8 0.78984375 0.6546875 0.4203125 0.690625