6 0.22421875 0.2265625 0.2203125 0.346875
6 0.059375 0.18984375 0.11875 0.3453125
6 0.08125 0.3515625 0.1625 0.096875
6 0.38828125 0.203125 0.1421875 0.153125
6 0.35390625 0.37265625 0.2109375 0.0546875
6 0.5265625 0.23984375 0.134375 0.3203125
6 0.8015625 0.19765625 0.371875 0.3953125
6 0.32734375 0.628125 0.2640625 0.45625
6 0.83046875 0.5453125 0.134375 0.27421875
6 0.971875 0.56484375 0.05625 0.3296875
6 0.69921875 0.6796875 0.23046875 0.334375
6 0.9171875 0.8578125 0.165625 0.284375
6 0.6203125 0.92265625 0.321875 0.1546875