7 0.24453125 0.21953125 0.0890625 0.4390625
6 0.64453125 0.23828125 0.7109375 0.4015625
7 0.14453125 0.71953125 0.2890625 0.5609375
7 0.41015625 0.76953125 0.13671875 0.1296875
7 0.68046875 0.7703125 0.08671875 0.1078125
7 0.42890625 0.6140625 0.12265625 0.0984375
7 0.5234375 0.4515625 0.15 0.025
7 0.7359375 0.45 0.103125 0.021875
7 0.63828125 0.9234375 0.1515625 0.11328125
7 0.83984375 0.6640625 0.15859375 0.0796875
7 0.6921875 0.65078125 0.1609375 0.0984375
7 0.33203125 0.47265625 0.0859375 0.0671875
7 0.58515625 0.496875 0.1109375 0.0796875
7 0.7765625 0.93203125 0.15390625 0.10546875
7 0.5125 0.9734375 0.13125 0.053125
7 0.90234375 0.82265625 0.1421875 0.08671875
7 0.90859375 0.50234375 0.16796875 0.1203125