6 0.2515625 0.2046875 0.503125 0.409375
6 0.81953125 0.2046875 0.3609375 0.409375
6 0.36875 0.659375 0.14921875 0.13203125
6 0.11796875 0.5828125 0.13203125 0.16796875
6 0.04140625 0.759375 0.0828125 0.13125
6 0.090625 0.92578125 0.1 0.1484375
6 0.53046875 0.9 0.115625 0.1390625
6 0.51015625 0.4671875 0.1171875 0.115625
6 0.06640625 0.44296875 0.0984375 0.0671875
6 0.3546875 0.52578125 0.084375 0.15625
6 0.2703125 0.525 0.06953125 0.16328125
6 0.19453125 0.82265625 0.103125 0.13203125
6 0.28125 0.8328125 0.07421875 0.18984375
6 0.37421875 0.9828125 0.1203125 0.034375
6 0.5671875 0.62421875 0.09375 0.1390625
6 0.81953125 0.7046875 0.3609375 0.590625