5 0.175 0.20234375 0.10546875 0.1109375
5 0.4359375 0.23359375 0.0796875 0.10546875
5 0.4421875 0.36328125 0.0625 0.0515625
5 0.28359375 0.32265625 0.0625 0.115625
5 0.00859375 0.32734375 0.0171875 0.0734375
5 0.0296875 0.209375 0.059375 0.084375
5 0.07421875 0.04375 0.06484375 0.07421875
5 0.66328125 0.165625 0.0515625 0.11875
5 0.66875 0.31171875 0.040625 0.1140625
5 0.525 0.25625 0.0765625 0.10546875
5 0.43515625 0.01328125 0.0765625 0.0265625
5 0.31328125 0.2046875 0.084375 0.11328125
5 0.84453125 0.2765625 0.3109375 0.225
5 0.84453125 0.7421875 0.3109375 0.515625