8 0.321875 0.2609375 0.59375 0.35625
8 0.81953125 0.309375 0.3609375 0.259375
8 0.36875 0.71953125 0.540625 0.5609375
8 0.909375 0.58515625 0.12734375 0.21875
8 0.671875 0.50703125 0.065625 0.1359375
8 0.7734375 0.6765625 0.0984375 0.1828125
8 0.77890625 0.8921875 0.06953125 0.15390625
8 0.95 0.93984375 0.1 0.1203125
8 0.9828125 0.52265625 0.034375 0.1203125
8 0.9421875 0.48203125 0.10625 0.0859375
8 0.796875 0.51171875 0.09140625 0.134375
8 0.6578125 0.9640625 0.0375 0.071875
8 0.6875 0.92265625 0.06015625 0.134375