8 0.1453125 0.396875 0.04296875 0.06015625
8 0.20625 0.11015625 0.0484375 0.0484375
8 0.3328125 0.4171875 0.02890625 0.04296875
5 0.6171875 0.234375 0.44375 0.46875
8 0.1234375 0.86171875 0.18984375 0.25234375
8 0.1046875 0.60703125 0.209375 0.2765625
8 0.28125 0.89609375 0.175 0.2078125
8 0.340625 0.71171875 0.05625 0.2328125
8 0.4875 0.61953125 0.2375 0.2234375
8 0.8578125 0.75546875 0.1609375 0.1421875
8 0.571875 0.775 0.18046875 0.103125
8 0.50703125 0.98046875 0.1484375 0.0390625
8 0.615625 0.96484375 0.075 0.0703125
8 0.7171875 0.9515625 0.071875 0.096875