8 0.20625 0.35859375 0.2 0.2421875
8 0.2625 0.07734375 0.178125 0.1546875
5 0.596875 0.25 0.39375 0.459375
5 0.2078125 0.73984375 0.384375 0.5203125
8 0.66796875 0.6203125 0.16796875 0.24296875
8 0.95703125 0.825 0.0859375 0.1375
8 0.51640625 0.6828125 0.09375 0.22578125
8 0.63671875 0.95 0.1109375 0.1
8 0.52265625 0.9328125 0.0984375 0.134375
8 0.434375 0.9203125 0.06875 0.159375
8 0.83046875 0.9796875 0.1484375 0.040625
8 0.7390625 0.84296875 0.1609375 0.13671875
8 0.81171875 0.578125 0.08671875 0.1921875
8 0.92109375 0.69140625 0.09609375 0.1203125