8 0.2234375 0.0875 0.23125 0.175
8 0.0640625 0.17890625 0.128125 0.1609375
8 0.0890625 0.05234375 0.178125 0.1046875
8 0.34921875 0.2671875 0.1515625 0.23828125
8 0.29453125 0.50546875 0.2421875 0.2078125
8 0.075 0.42109375 0.15 0.2015625
8 0.95234375 0.16015625 0.0953125 0.3203125
8 0.95 0.040625 0.1 0.08125
8 0.7390625 0.04375 0.146875 0.0875
8 0.70859375 0.18828125 0.146875 0.1703125
8 0.70234375 0.38828125 0.1421875 0.0625
8 0.88203125 0.38203125 0.178125 0.17578125
8 0.41328125 0.89609375 0.2015625 0.2078125
5 0.68125 0.8046875 0.284375 0.390625