5 0.1234375 0.2796875 0.171875 0.559375
5 0.67578125 0.03671875 0.1703125 0.0734375
5 0.61015625 0.18828125 0.13203125 0.12734375
5 0.3125 0.0671875 0.09375 0.134375
5 0.43515625 0.096875 0.0671875 0.1609375
5 0.47578125 0.28671875 0.06484375 0.14453125
5 0.2265625 0.37578125 0.034375 0.2390625
5 0.23203125 0.1859375 0.0453125 0.125
5 0.3078125 0.2265625 0.0671875 0.14453125
5 0.3171875 0.42109375 0.0796875 0.16796875
5 0.425 0.43046875 0.08203125 0.11328125
5 0.6046875 0.7796875 0.790625 0.440625