6 0.1953125 0.54765625 0.2625 0.0828125
6 0.4375 0.51953125 0.184375 0.1390625
6 0.5 0.1578125 0.059375 0.159375
6 0.41640625 0.19375 0.20703125 0.178125
6 0.475 0.31953125 0.109375 0.2640625
6 0.121875 0.3765625 0.15625 0.165625
6 0.028125 0.39453125 0.05625 0.2484375
6 0.04453125 0.509375 0.0890625 0.159375
6 0.2546875 0.215625 0.1609375 0.21171875
6 0.2828125 0.25625 0.115625 0.1421875
6 0.76484375 0.29453125 0.4703125 0.5890625
8 0.22578125 0.88671875 0.1859375 0.2265625
6 0.76484375 0.79453125 0.4703125 0.4109375