8 0.38125 0.284375 0.0796875 0.1078125
8 0.47890625 0.04921875 0.0796875 0.0984375
8 0.11953125 0.1671875 0.06484375 0.103125
8 0.23359375 0.0765625 0.05546875 0.1296875
8 0.23046875 0.44296875 0.0984375 0.0921875
8 0.690625 0.24453125 0.34375 0.4890625
5 0.26171875 0.66953125 0.2234375 0.14921875
5 0.3265625 0.875 0.165625 0.18984375
5 0.02890625 0.93125 0.0578125 0.1375
5 0.06796875 0.821875 0.134375 0.16796875
5 0.040625 0.5625 0.08125 0.146875
5 0.44296875 0.58828125 0.1515625 0.1734375
5 0.478125 0.88984375 0.08125 0.2203125
8 0.94140625 0.8640625 0.1171875 0.2