6 0.228125 0.31484375 0.45625 0.6296875
6 0.62421875 0.58203125 0.1078125 0.0953125
6 0.64921875 0.3515625 0.06015625 0.1109375
6 0.7609375 0.075 0.06953125 0.12734375
6 0.90546875 0.265625 0.07421875 0.146875
6 0.921875 0.475 0.1203125 0.11328125
6 0.90703125 0.60078125 0.0609375 0.0578125
6 0.5421875 0.31171875 0.0453125 0.084375
6 0.55703125 0.46953125 0.0765625 0.1046875
6 0.76484375 0.5796875 0.0890625 0.1
6 0.621875 0.1109375 0.071875 0.1078125
6 0.14140625 0.7265625 0.2828125 0.19375
6 0.4234375 0.86484375 0.190625 0.2703125
6 0.759375 0.87578125 0.48125 0.2484375