7 0.19375 0.06875 0.321875 0.1375
7 0.20234375 0.23125 0.4046875 0.1625
7 0.3765625 0.11953125 0.146875 0.2265625
6 0.75390625 0.13046875 0.2640625 0.2609375
6 0.5421875 0.090625 0.184375 0.18125
6 0.5390625 0.2546875 0.14375 0.228125
6 0.696875 0.3015625 0.21875 0.134375
6 0.93203125 0.271875 0.1359375 0.19375
6 0.87578125 0.3375 0.1859375 0.0625
6 0.47109375 0.265625 0.0421875 0.20625
7 0.225 0.4609375 0.45 0.184375
7 0.30546875 0.65 0.2890625 0.240625
7 0.39609375 0.85703125 0.1078125 0.2359375
7 0.80859375 0.4640625 0.3828125 0.190625
7 0.5171875 0.684375 0.134375 0.63125
7 0.81328125 0.83984375 0.3734375 0.3203125