5 0.3328125 0.2 0.234375 0.3375
5 0.10390625 0.2515625 0.2078125 0.234375
4 0.725 0.184375 0.55 0.36875
5 0.11015625 0.62265625 0.2203125 0.2640625
5 0.3359375 0.67890625 0.1828125 0.13203125
5 0.8265625 0.54765625 0.1703125 0.1703125
5 0.76015625 0.74765625 0.13203125 0.12734375
5 0.4796875 0.5984375 0.059375 0.190625
5 0.58515625 0.65625 0.0671875 0.1609375
5 0.62578125 0.84609375 0.06484375 0.14453125
5 0.625 0.41484375 0.096875 0.0921875
5 0.77265625 0.38515625 0.0671875 0.0328125
5 0.4828125 0.4328125 0.065625 0.128125
5 0.4703125 0.78515625 0.040625 0.1453125
5 0.478125 0.94765625 0.05625 0.1046875
5 0.57421875 0.96640625 0.0828125 0.0671875