8 0.05859375 0.02265625 0.0859375 0.0453125
8 0.2875 0.078125 0.115625 0.12734375
8 0.1734375 0.18203125 0.10546875 0.115625
8 0.26796875 0.28359375 0.1390625 0.1421875
8 0.184375 0.3484375 0.0890625 0.115625
8 0.01328125 0.2265625 0.0265625 0.115625
8 0.046875 0.10078125 0.09375 0.0984375
8 0.60234375 0.440625 0.1421875 0.11875
8 0.6609375 0.2890625 0.096875 0.121875
8 0.5 0.109375 0.06953125 0.06484375
8 0.56875 0.10234375 0.0578125 0.1203125
8 0.62265625 0.0703125 0.09375 0.09609375
8 0.35625 0.01640625 0.090625 0.0328125
6 0.8546875 0.25 0.290625 0.5
6 0.32109375 0.75 0.6109375 0.5
6 0.5859375 0.96953125 0.1625 0.0609375
8 0.9171875 0.75 0.165625 0.5
8 0.77109375 0.65390625 0.1234375 0.3078125