8 0.36796875 0.3984375 0.08203125 0.12734375
8 0.47421875 0.409375 0.08671875 0.06953125
8 0.2828125 0.1109375 0.0765625 0.0984375
8 0.30078125 0.54765625 0.0765625 0.0234375
8 0.4390625 0.534375 0.0625 0.05
8 0.140625 0.18828125 0.05546875 0.0984375
8 0.08828125 0.2828125 0.0578125 0.071875
8 0.68203125 0.39296875 0.1453125 0.3328125
8 0.28359375 0.7796875 0.5671875 0.440625
8 0.55703125 0.9078125 0.1046875 0.184375
8 0.821875 0.61875 0.0671875 0.11328125
8 0.72109375 0.60703125 0.0796875 0.0953125
8 0.940625 0.7484375 0.06484375 0.10546875
8 0.63359375 0.9046875 0.0484375 0.096875