8 0.0609375 0.284375 0.121875 0.215625
8 0.3078125 0.1734375 0.09140625 0.20703125
8 0.20234375 0.0203125 0.1265625 0.040625
8 0.44140625 0.4359375 0.08671875 0.22109375
8 0.0484375 0.0328125 0.096875 0.065625
8 0.19375 0.37578125 0.09609375 0.18046875
8 0.18828125 0.56484375 0.0671875 0.1078125
8 0.0390625 0.1515625 0.078125 0.15
8 0.17109375 0.21328125 0.09140625 0.13203125
8 0.35546875 0.0203125 0.1265625 0.040625
8 0.3984375 0.13984375 0.06015625 0.10078125
8 0.41953125 0.20859375 0.115625 0.15859375
8 0.27734375 0.58515625 0.0609375 0.0671875
8 0.97421875 0.0546875 0.0515625 0.109375
8 0.9734375 0.36328125 0.053125 0.1671875
8 0.96640625 0.20234375 0.0671875 0.1609375
8 0.82265625 0.1078125 0.0625 0.0984375
8 0.81171875 0.328125 0.0625 0.09609375
8 0.834375 0.43984375 0.05546875 0.178125
8 0.7890625 0.55390625 0.096875 0.1296875
8 0.6890625 0.42890625 0.0796875 0.14921875
8 0.63984375 0.2953125 0.06953125 0.10078125
8 0.56171875 0.28671875 0.053125 0.1203125
8 0.09921875 0.8953125 0.1984375 0.209375
8 0.7546875 0.809375 0.490625 0.38125