6 0.24453125 0.209375 0.4890625 0.240625
6 0.70859375 0.16484375 0.4390625 0.3296875
6 0.30625 0.6140625 0.365625 0.56875
6 0.2609375 0.89765625 0.45625 0.2046875
6 0.07578125 0.609375 0.1515625 0.559375
8 0.8078125 0.62578125 0.1921875 0.20703125
8 0.97109375 0.77265625 0.0578125 0.1390625
8 0.909375 0.9140625 0.103125 0.171875
8 0.515625 0.9203125 0.053125 0.159375
8 0.77265625 0.3828125 0.0609375 0.10625
8 0.625 0.42578125 0.0625 0.1921875
8 0.653125 0.68203125 0.07421875 0.134375
8 0.5359375 0.63125 0.09375 0.125