6 0.4890625 0.34765625 0.18125 0.5140625
6 0.2015625 0.04765625 0.2625 0.0953125
6 0.12421875 0.4765625 0.2484375 0.240625
6 0.05625 0.34609375 0.1125 0.2609375
6 0.0796875 0.18828125 0.12734375 0.2015625
6 0.190625 0.1734375 0.14921875 0.115625
6 0.325 0.2375 0.18046875 0.14921875
6 0.37265625 0.496875 0.2171875 0.24375
6 0.93203125 0.56796875 0.1359375 0.1015625
6 0.659375 0.48203125 0.159375 0.2265625
6 0.71484375 0.2328125 0.1515625 0.271875
6 0.96328125 0.12890625 0.0734375 0.1984375
6 0.95 0.30859375 0.1 0.2859375
6 0.84453125 0.37109375 0.1734375 0.24296875
6 0.11328125 0.86171875 0.2046875 0.2765625
6 0.096875 0.69765625 0.19375 0.1578125
6 0.28828125 0.67578125 0.2203125 0.1140625
6 0.52265625 0.8734375 0.1140625 0.253125
6 0.4109375 0.89765625 0.159375 0.2046875
6 0.27109375 0.84609375 0.1421875 0.3078125
6 0.690625 0.78984375 0.221875 0.1828125