8 0.0921875 0.59765625 0.184375 0.1234375
8 0.3796875 0.5671875 0.2 0.184375
8 0.05625 0.165625 0.1125 0.20625
8 0.08671875 0.4609375 0.1734375 0.25
8 0.59296875 0.49296875 0.11328125 0.12734375
8 0.4953125 0.6078125 0.03125 0.103125
8 0.653125 0.07109375 0.1390625 0.1109375
8 0.875 0.2921875 0.084375 0.0671875
8 0.72109375 0.3 0.08671875 0.17578125
8 0.02578125 0.7734375 0.0515625 0.228125
8 0.18671875 0.79140625 0.1578125 0.2640625
8 0.3671875 0.790625 0.165625 0.2625
8 0.73984375 0.8296875 0.5203125 0.340625