8 0.10859375 0.4828125 0.1859375 0.1125
8 0.29921875 0.0421875 0.2984375 0.084375
8 0.46484375 0.1 0.1890625 0.121875
8 0.5046875 0.35546875 0.109375 0.2453125
8 0.60859375 0.26953125 0.0984375 0.5390625
8 0.8890625 0.2796875 0.1828125 0.3609375
8 0.4234375 0.80546875 0.1109375 0.125
8 0.5296875 0.92265625 0.059375 0.1140625
8 0.14921875 0.6109375 0.08203125 0.06484375
8 0.2984375 0.6203125 0.084375 0.1625
8 0.81796875 0.63203125 0.1953125 0.1859375
8 0.93515625 0.684375 0.1296875 0.290625
8 0.76171875 0.8453125 0.23828125 0.30546875