6 0.521875 0.19375 0.034375 0.13125
6 0.42265625 0.18984375 0.09375 0.1203125
6 0.36796875 0.0546875 0.0984375 0.109375
6 0.228125 0.11171875 0.06953125 0.13671875
6 0.2984375 0.34765625 0.10546875 0.0765625
6 0.403125 0.48203125 0.0484375 0.1296875
7 0.6359375 0.11953125 0.18984375 0.06484375
7 0.82578125 0.10859375 0.209375 0.040625
7 0.9328125 0.48359375 0.134375 0.0796875
7 0.9421875 0.328125 0.115625 0.05625
7 0.7609375 0.396875 0.12734375 0.06484375
7 0.64296875 0.271875 0.1390625 0.0578125
7 0.9796875 0.415625 0.040625 0.0625
7 0.26953125 0.63359375 0.5390625 0.1296875
7 0.33515625 0.909375 0.4078125 0.18125
7 0.76953125 0.6625 0.4609375 0.1875
7 0.76953125 0.90625 0.4609375 0.1875