7 0.315625 0.15625 0.396875 0.3125
7 0.5578125 0.1578125 0.1625 0.315625
7 0.5359375 0.37734375 0.20625 0.2203125
7 0.4703125 0.46796875 0.3375 0.0828125
7 0.16484375 0.46640625 0.3296875 0.0859375
7 0.225 0.353125 0.45 0.228125
7 0.0640625 0.16640625 0.128125 0.3328125
7 0.86875 0.04453125 0.059375 0.0890625
7 0.78671875 0.04296875 0.0671875 0.0859375
7 0.66484375 0.04453125 0.0515625 0.0890625
7 0.23984375 0.6359375 0.4796875 0.253125
7 0.7859375 0.6359375 0.29375 0.2375
7 0.81953125 0.84140625 0.3609375 0.2296875
7 0.94296875 0.6296875 0.1140625 0.240625