8 0.3640625 0.31484375 0.15390625 0.34609375
8 0.36484375 0.1390625 0.165625 0.22109375
8 0.21796875 0.0734375 0.1578125 0.146875
8 0.1203125 0.134375 0.146875 0.24296875
8 0.08984375 0.35546875 0.146875 0.1703125
8 0.08359375 0.54140625 0.1421875 0.0359375
8 0.2625 0.51015625 0.178125 0.0984375
8 0.48828125 0.4921875 0.1828125 0.134375
8 0.63671875 0.14453125 0.0859375 0.1390625
8 0.590625 0.0734375 0.13125 0.146875
8 0.88515625 0.39375 0.17578125 0.26953125
5 0.22890625 0.7796875 0.4578125 0.440625