8 0.45 0.40390625 0.18984375 0.2984375
8 0.315625 0.1921875 0.12265625 0.20703125
8 0.0578125 0.18984375 0.115625 0.2296875
8 0.24921875 0.50859375 0.1484375 0.1421875
8 0.58515625 0.4828125 0.1703125 0.19375
8 0.53515625 0.09921875 0.09609375 0.16328125
8 0.85 0.28984375 0.3 0.5796875
8 0.1484375 0.634375 0.240625 0.109375
8 0.40546875 0.62421875 0.2359375 0.0890625
8 0.13828125 0.85 0.22578125 0.2953125
8 0.38203125 0.83828125 0.2234375 0.3234375
8 0.60625 0.846875 0.1875 0.30625
8 0.85 0.75703125 0.3 0.3546875