6 0.21328125 0.39453125 0.3515625 0.6109375
6 0.70703125 0.36484375 0.2453125 0.3171875
6 0.43984375 0.63828125 0.1015625 0.1234375
6 0.84140625 0.65 0.1734375 0.1
6 0.4296875 0.43125 0.08125 0.246875
6 0.4703125 0.175 0.1625 0.29375
6 0.9234375 0.528125 0.146875 0.23046875
6 0.97109375 0.64296875 0.0578125 0.1140625
6 0.56015625 0.665625 0.1109375 0.06875
6 0.53671875 0.35390625 0.11796875 0.19453125
6 0.79375 0.13046875 0.1390625 0.24765625
6 0.92890625 0.0640625 0.1421875 0.128125
6 0.95234375 0.19609375 0.0953125 0.2671875
6 0.20859375 0.8453125 0.271875 0.21171875
6 0.69453125 0.85 0.6109375 0.3