6 0.50546875 0.14375 0.1421875 0.2015625
6 0.65546875 0.1375 0.1515625 0.21640625
6 0.6609375 0.48515625 0.16875 0.1484375
6 0.37578125 0.48515625 0.1421875 0.1484375
6 0.20859375 0.16015625 0.18046875 0.18984375
6 0.55625 0.740625 0.26953125 0.3265625
6 0.1828125 0.7796875 0.365625 0.440625
6 0.35 0.94140625 0.215625 0.1171875
6 0.54375 0.940625 0.2125 0.11875
6 0.68046875 0.93515625 0.1390625 0.1296875
6 0.70859375 0.76875 0.0828125 0.271875
6 0.44765625 0.64296875 0.2453125 0.1671875
6 0.65546875 0.62890625 0.1765625 0.1390625
6 0.875 0.7796875 0.25 0.440625