8 0.2015625 0.4203125 0.25625 0.41875
8 0.43671875 0.2015625 0.125 0.1921875
8 0.79765625 0.21640625 0.1421875 0.28359375
8 0.95625 0.55625 0.0875 0.146875
8 0.94375 0.3234375 0.1125 0.20625
8 0.96796875 0.040625 0.0640625 0.08125
8 0.87109375 0.08203125 0.1109375 0.1640625
8 0.8484375 0.028125 0.146875 0.05625
8 0.640625 0.02265625 0.10625 0.0453125
8 0.62890625 0.509375 0.0921875 0.240625
8 0.74765625 0.540625 0.1046875 0.178125
8 0.47421875 0.4390625 0.12734375 0.24296875
8 0.35703125 0.5171875 0.0546875 0.153125
8 0.38671875 0.0453125 0.1140625 0.090625
8 0.24765625 0.77734375 0.1640625 0.1578125
8 0.2515625 0.93828125 0.15625 0.1234375
8 0.69609375 0.71015625 0.1609375 0.1609375
8 0.60546875 0.82890625 0.22109375 0.209375
8 0.40390625 0.6890625 0.1328125 0.11875
8 0.35234375 0.7390625 0.0453125 0.15
8 0.4078125 0.953125 0.128125 0.09375