6 0.55 0.203125 0.09140625 0.13203125
6 0.3 0.22109375 0.053125 0.06484375
6 0.17265625 0.2484375 0.05078125 0.06015625
6 0.0375 0.26640625 0.06484375 0.0984375
6 0.06640625 0.40390625 0.05546875 0.06484375
6 0.54140625 0.42421875 0.0484375 0.07421875
6 0.403125 0.390625 0.0484375 0.0578125
6 0.8546875 0.31015625 0.290625 0.5390625
6 0.30234375 0.8375 0.6046875 0.325
6 0.98359375 0.7578125 0.0328125 0.0625
6 0.84453125 0.84140625 0.071875 0.08203125
6 0.72421875 0.7 0.0296875 0.084375
6 0.73125 0.86953125 0.04375 0.0921875