7 0.24609375 0.0546875 0.1953125 0.109375
7 0.090625 0.0546875 0.159375 0.109375
7 0.05078125 0.20625 0.1015625 0.25
7 0.0875 0.33984375 0.153125 0.0796875
7 0.23203125 0.33359375 0.1515625 0.0921875
7 0.15859375 0.19921875 0.1703125 0.240625
7 0.3046875 0.196875 0.14453125 0.25703125
7 0.3421875 0.33515625 0.09375 0.0890625
7 0.69453125 0.18984375 0.6109375 0.3796875
7 0.19453125 0.68984375 0.3890625 0.6203125
7 0.8203125 0.6984375 0.13203125 0.17578125
7 0.6765625 0.77421875 0.10546875 0.13671875
7 0.4625 0.7859375 0.06484375 0.14921875
7 0.95390625 0.6875 0.07421875 0.15390625