6 0.06328125 0.4390625 0.1265625 0.153125
6 0.140625 0.578125 0.121875 0.04375
6 0.98359375 0.2625 0.0328125 0.24375
6 0.93515625 0.49609375 0.1296875 0.2078125
6 0.7203125 0.42265625 0.1421875 0.2140625
6 0.52734375 0.278125 0.1171875 0.14375
6 0.6390625 0.071875 0.071875 0.14375
6 0.53046875 0.0390625 0.1234375 0.078125
6 0.76640625 0.028125 0.0984375 0.05625
6 0.10703125 0.85546875 0.2140625 0.2890625
6 0.23125 0.7515625 0.353125 0.303125
6 0.42265625 0.6859375 0.0921875 0.171875
8 0.65703125 0.8 0.3765625 0.4