6 0.18125 0.26484375 0.3625 0.5296875
6 0.3921875 0.26484375 0.115625 0.5296875
6 0.69609375 0.24453125 0.4921875 0.4890625
6 0.28046875 0.5984375 0.2203125 0.1375
6 0.05 0.63046875 0.1 0.2015625
6 0.15625 0.77734375 0.1921875 0.31015625
6 0.35546875 0.82109375 0.1890625 0.3578125
8 0.47734375 0.565625 0.0546875 0.071875
8 0.690625 0.634375 0.115625 0.12734375
8 0.5765625 0.73828125 0.10546875 0.115625
8 0.67109375 0.83984375 0.1390625 0.1421875
8 0.5875 0.9046875 0.0890625 0.115625
8 0.4734375 0.65703125 0.046875 0.0984375
8 0.9671875 0.96875 0.065625 0.0625
8 0.903125 0.665625 0.06953125 0.06484375
8 0.97109375 0.65859375 0.0578125 0.1203125
8 0.9890625 0.62578125 0.021875 0.0953125
8 0.834375 0.54765625 0.08125 0.0359375
8 0.759375 0.559375 0.090625 0.059375