8 0.29453125 0.09609375 0.103125 0.16796875
8 0.40703125 0.34765625 0.1140625 0.1421875
8 0.209375 0.38046875 0.115625 0.0765625
8 0.19609375 0.1 0.1203125 0.2
8 0.8453125 0.12578125 0.0453125 0.06015625
8 0.5609375 0.2265625 0.05078125 0.05078125
5 0.25 0.709375 0.5 0.58125
8 0.76640625 0.840625 0.19921875 0.24765625
8 0.9421875 0.46953125 0.115625 0.1015625
8 0.821875 0.52578125 0.178125 0.2140625
8 0.60234375 0.459375 0.1015625 0.08125
8 0.54375 0.51640625 0.0875 0.1515625
8 0.54140625 0.82421875 0.0828125 0.1265625