6 0.23671875 0.1265625 0.2703125 0.253125
6 0.04296875 0.0640625 0.0859375 0.128125
6 0.3046875 0.56484375 0.228125 0.0890625
6 0.37265625 0.4921875 0.0921875 0.234375
6 0.3578125 0.346875 0.121875 0.209375
6 0.24921875 0.3328125 0.15390625 0.1203125
6 0.1125 0.39921875 0.18515625 0.15390625
6 0.0859375 0.575 0.171875 0.06875
6 0.6640625 0.175 0.321875 0.35
6 0.4890625 0.3109375 0.140625 0.346875
6 0.140625 0.8046875 0.28125 0.390625
6 0.35703125 0.8234375 0.1234375 0.353125
6 0.709375 0.8046875 0.58125 0.390625