8 0.3015625 0.19609375 0.234375 0.3109375
8 0.10390625 0.3140625 0.2078125 0.171875
8 0.3125 0.03046875 0.165625 0.0609375
8 0.61171875 0.2546875 0.2359375 0.290625
8 0.890625 0.30859375 0.21875 0.1828125
8 0.478125 0.1359375 0.11875 0.21875
8 0.67265625 0.109375 0.3140625 0.21875
8 0.7703125 0.284375 0.290625 0.23125
8 0.1703125 0.803125 0.04296875 0.06015625
8 0.23125 0.51640625 0.0484375 0.0484375
8 0.3578125 0.8234375 0.02890625 0.04296875
8 0.40703125 0.76640625 0.0234375 0.0421875
5 0.709375 0.7 0.58125 0.6