6 0.2859375 0.26015625 0.246875 0.4796875
6 0.11640625 0.359375 0.1890625 0.28125
6 0.05078125 0.11484375 0.1015625 0.2296875
6 0.9390625 0.0640625 0.121875 0.128125
6 0.91953125 0.18828125 0.1609375 0.3015625
6 0.6375 0.2671875 0.2640625 0.27421875
6 0.82421875 0.396875 0.1921875 0.20625
6 0.47421875 0.06171875 0.1296875 0.1234375
6 0.48046875 0.2140625 0.1421875 0.221875
6 0.47109375 0.40078125 0.1234375 0.1984375
6 0.21171875 0.75 0.3953125 0.5
6 0.54375 0.57109375 0.190625 0.1421875
6 0.43203125 0.84765625 0.0453125 0.2703125
6 0.715625 0.715625 0.12734375 0.27421875
6 0.73515625 0.92265625 0.2140625 0.1546875
6 0.89453125 0.5671875 0.1109375 0.134375
6 0.94609375 0.72109375 0.1078125 0.1703125