7 0.3796875 0.4171875 0.321875 0.325
7 0.1734375 0.175 0.346875 0.259375
7 0.1015625 0.51015625 0.203125 0.1390625
7 0.95703125 0.125 0.0859375 0.25
7 0.84140625 0.13359375 0.1828125 0.2671875
7 0.709375 0.13125 0.11875 0.2625
7 0.95234375 0.40390625 0.0953125 0.3515625
7 0.8375 0.4078125 0.165625 0.34375
7 0.70390625 0.40390625 0.1078125 0.3515625
7 0.61640625 0.81484375 0.0671875 0.3703125
7 0.8109375 0.7890625 0.16328125 0.07421875
7 0.8140625 0.640625 0.1203125 0.05546875
7 0.96640625 0.70546875 0.0671875 0.0609375
7 0.72890625 0.72421875 0.146875 0.06015625