8 0.46875 0.04765625 0.4 0.0953125
8 0.10078125 0.24140625 0.2015625 0.1765625
8 0.4796875 0.26171875 0.378125 0.1359375
8 0.84140625 0.20078125 0.2234375 0.2578125
8 0.45703125 0.50078125 0.2328125 0.21640625
8 0.53828125 0.721875 0.1609375 0.2015625
8 0.88359375 0.57578125 0.1296875 0.25703125
8 0.75546875 0.41796875 0.1734375 0.1765625
8 0.91875 0.4734375 0.1625 0.240625
8 0.78359375 0.93984375 0.1640625 0.1203125
8 0.684375 0.63359375 0.03125 0.2046875
8 0.70078125 0.86328125 0.0640625 0.1640625