6 0.09765625 0.065625 0.1921875 0.13125
6 0.2796875 0.05703125 0.159375 0.1140625
6 0.25078125 0.24453125 0.1921875 0.22578125
6 0.0765625 0.24375 0.153125 0.18125
6 0.7 0.1234375 0.43125 0.246875
6 0.1796875 0.69453125 0.359375 0.6109375
6 0.725 0.80234375 0.0625 0.1109375
6 0.8359375 0.53046875 0.0671875 0.12265625
6 0.9703125 0.7171875 0.059375 0.14375
6 0.9671875 0.92265625 0.065625 0.1140625
6 0.51015625 0.846875 0.0578125 0.09609375
6 0.6203125 0.7640625 0.0453125 0.08203125
6 0.6328125 0.9203125 0.0796875 0.103125
6 0.6984375 0.56640625 0.06953125 0.10546875
6 0.496875 0.50625 0.06953125 0.125