8 0.2640625 0.24296875 0.275 0.4140625
8 0.07421875 0.2 0.1484375 0.4
8 0.134375 0.03125 0.26875 0.0625
8 0.30625 0.04375 0.23125 0.0875
8 0.41796875 0.17421875 0.1734375 0.2328125
8 0.0984375 0.409375 0.175 0.08125
8 0.94296875 0.1640625 0.1140625 0.23125
8 0.95234375 0.03203125 0.0953125 0.0640625
8 0.6734375 0.115625 0.08203125 0.125
5 0.14921875 0.81640625 0.2984375 0.3671875
5 0.465625 0.58671875 0.321875 0.2734375
5 0.13359375 0.5390625 0.2671875 0.178125
5 0.86171875 0.89140625 0.1484375 0.2171875