6 0.43203125 0.33046875 0.0140625 0.0609375
6 0.303125 0.415625 0.071875 0.08203125
6 0.15 0.275 0.09375 0.084375
6 0.115625 0.5546875 0.08125 0.05
6 0.10703125 0.4515625 0.06015625 0.09609375
6 0.1765625 0.44296875 0.0671875 0.09375
6 0.21171875 0.04140625 0.1140625 0.0828125
8 0.5296875 0.20859375 0.15625 0.125
8 0.61484375 0.10390625 0.134375 0.11796875
8 0.96484375 0.21328125 0.0703125 0.1234375
8 0.48359375 0.12734375 0.0890625 0.1078125
8 0.5328125 0.0140625 0.125 0.028125
6 0.18828125 0.78984375 0.3765625 0.4203125