7 0.05703125 0.08515625 0.1140625 0.1703125
7 0.29453125 0.0875 0.1859375 0.175
7 0.4421875 0.0875 0.153125 0.175
7 0.57578125 0.0875 0.1484375 0.175
7 0.5125 0.26640625 0.1609375 0.23828125
7 0.60859375 0.27265625 0.0828125 0.2390625
7 0.446875 0.38359375 0.146875 0.0515625
7 0.30859375 0.37734375 0.1453125 0.0640625
7 0.378125 0.26015625 0.1609375 0.23046875
7 0.23984375 0.2578125 0.1390625 0.2453125
7 0.17265625 0.378125 0.1515625 0.0625
7 0.02734375 0.2734375 0.0546875 0.271875
7 0.36484375 0.51640625 0.5140625 0.2140625
7 0.93671875 0.66640625 0.08671875 0.12734375