6 0.3515625 0.2453125 0.275 0.228125
6 0.2390625 0.10234375 0.153125 0.2046875
6 0.071875 0.0796875 0.14375 0.159375
6 0.13515625 0.190625 0.18984375 0.29296875
6 0.13203125 0.32734375 0.1484375 0.0640625
6 0.68671875 0.13984375 0.0453125 0.2796875
6 0.5625 0.09921875 0.2 0.1984375
6 0.43125 0.09609375 0.134375 0.1921875
7 0.440625 0.43125 0.178125 0.14375
7 0.2109375 0.4984375 0.259375 0.196875
7 0.025 0.5015625 0.05 0.26875
7 0.553125 0.55 0.1921875 0.165625
7 0.925 0.51796875 0.15 0.3171875
7 0.925 0.859375 0.15 0.28125
7 0.76796875 0.83828125 0.11328125 0.18984375