6 0.1125 0.096875 0.06953125 0.0625
6 0.26328125 0.034375 0.0765625 0.06875
6 0.62109375 0.03828125 0.1421875 0.0765625
6 0.890625 0.08828125 0.1296875 0.15859375
6 0.9828125 0.11328125 0.034375 0.2046875
6 0.72890625 0.27578125 0.1015625 0.1078125
6 0.4515625 0.16328125 0.24375 0.2359375
6 0.16484375 0.665625 0.3296875 0.66875
8 0.5359375 0.64453125 0.321875 0.509375
8 0.77421875 0.75 0.23828125 0.353125
8 0.759375 0.95703125 0.2625 0.0859375
8 0.38515625 0.7875 0.1109375 0.40625
8 0.48515625 0.9328125 0.3109375 0.134375