8 0.01171875 0.0640625 0.0234375 0.128125
8 0.071875 0.0625 0.090625 0.125
8 0.22109375 0.08046875 0.0765625 0.09140625
8 0.30234375 0.296875 0.103125 0.1609375
8 0.32109375 0.14765625 0.0765625 0.1140625
8 0.3921875 0.35 0.065625 0.084375
8 0.71171875 0.2171875 0.12265625 0.11796875
8 0.8875 0.0171875 0.103125 0.034375
8 0.98984375 0.40234375 0.0203125 0.0953125
8 0.88671875 0.50390625 0.1078125 0.0515625
8 0.80078125 0.378125 0.1109375 0.12265625
8 0.6421875 0.51171875 0.115625 0.0359375
8 0.56171875 0.484375 0.1265625 0.090625
8 0.5265625 0.275 0.115625 0.146875
8 0.1796875 0.76484375 0.359375 0.4703125
8 0.67421875 0.61875 0.1609375 0.178125
8 0.58359375 0.74609375 0.22109375 0.209375
8 0.40390625 0.59765625 0.0890625 0.1359375
8 0.4046875 0.8859375 0.090625 0.125