8 0.46796875 0.2 0.1640625 0.4
8 0.30546875 0.29921875 0.4015625 0.2015625
8 0.73671875 0.05234375 0.0984375 0.1046875
8 0.65234375 0.2421875 0.1078125 0.14453125
8 0.8171875 0.2078125 0.06953125 0.1078125
8 0.95078125 0.3265625 0.0796875 0.1078125
8 0.953125 0.14765625 0.09375 0.1421875
5 0.11875 0.7078125 0.23125 0.584375
5 0.3671875 0.9625 0.221875 0.075
8 0.86328125 0.684375 0.10078125 0.1296875
8 0.60234375 0.471875 0.0484375 0.11328125
8 0.640625 0.92734375 0.0578125 0.0984375
8 0.8953125 0.9859375 0.0625 0.028125