6 0.15625 0.2234375 0.3125 0.290625
6 0.35078125 0.2140625 0.1578125 0.309375
6 0.71484375 0.1078125 0.5703125 0.215625
6 0.01796875 0.6078125 0.0359375 0.090625
6 0.06015625 0.69296875 0.103125 0.11796875
6 0.1375 0.53203125 0.0796875 0.12265625
6 0.1265625 0.62109375 0.084375 0.0671875
6 0.225 0.665625 0.1078125 0.1296875
6 0.17734375 0.8328125 0.084375 0.14921875
6 0.0484375 0.8734375 0.096875 0.096875
6 0.04375 0.425 0.084375 0.1078125
6 0.0953125 0.384375 0.084375 0.03125
6 0.1640625 0.38359375 0.09375 0.0296875
6 0.20625 0.49453125 0.10078125 0.1078125
6 0.31796875 0.68125 0.09140625 0.0765625
6 0.27890625 0.81796875 0.084375 0.053125
8 0.75703125 0.68828125 0.27890625 0.4015625