8 0.0203125 0.1203125 0.040625 0.103125
8 0.10390625 0.42421875 0.09609375 0.0984375
8 0.2703125 0.3390625 0.103125 0.09140625
8 0.44921875 0.27890625 0.0390625 0.0953125
8 0.27421875 0.5296875 0.0703125 0.01875
8 0.1484375 0.15234375 0.07421875 0.084375
8 0.14375 0.04140625 0.0625 0.0828125
8 0.0765625 0.0671875 0.06953125 0.08203125
8 0.434375 0.02578125 0.06875 0.0515625
8 0.290625 0.18515625 0.0984375 0.0671875
8 0.0796875 0.2765625 0.103125 0.10078125
8 0.32109375 0.03515625 0.0703125 0.0703125
8 0.11484375 0.50234375 0.084375 0.06484375
8 0.2859375 0.44453125 0.1109375 0.0890625
8 0.18359375 0.36171875 0.0796875 0.08203125
8 0.2421875 0.24296875 0.06015625 0.06953125
8 0.22578125 0.0984375 0.05078125 0.1296875
8 0.01875 0.246875 0.0375 0.090625
8 0.0234375 0.359375 0.046875 0.0875
8 0.35078125 0.3578125 0.07421875 0.09609375
8 0.3953125 0.503125 0.06875 0.071875
8 0.44453125 0.49296875 0.0484375 0.0921875
8 0.40546875 0.09375 0.05546875 0.0796875
8 0.734375 0.3109375 0.53125 0.45625
8 0.32890625 0.578125 0.1734375 0.078125
8 0.3328125 0.72890625 0.271875 0.2265625
8 0.82734375 0.76953125 0.3453125 0.4609375
8 0.55859375 0.76015625 0.1796875 0.4421875