8 0.14921875 0.134375 0.2265625 0.26875
8 0.34609375 0.15 0.1078125 0.3
8 0.14921875 0.49375 0.2515625 0.171875
8 0.4421875 0.09453125 0.084375 0.1890625
8 0.67578125 0.04921875 0.1609375 0.0984375
8 0.7890625 0.26796875 0.25 0.4375
8 0.97578125 0.33828125 0.0484375 0.3578125
8 0.52265625 0.384375 0.2453125 0.321875
8 0.128125 0.9640625 0.09375 0.071875
8 0.28046875 0.96328125 0.1171875 0.0734375
8 0.46796875 0.7171875 0.1359375 0.275
8 0.72734375 0.78984375 0.4359375 0.4203125
8 0.5625 0.9390625 0.325 0.121875