7 0.35078125 0.18125 0.15625 0.134375
7 0.384375 0.36640625 0.209375 0.1671875
7 0.378125 0.04921875 0.221875 0.0984375
7 0.18046875 0.0921875 0.1578125 0.184375
7 0.0359375 0.203125 0.071875 0.23125
7 0.93828125 0.05078125 0.0640625 0.1015625
7 0.6390625 0.134375 0.1609375 0.1109375
7 0.80703125 0.165625 0.14921875 0.0984375
7 0.02265625 0.55390625 0.0453125 0.2078125
7 0.35625 0.63515625 0.04296875 0.2953125
7 0.46953125 0.67578125 0.0390625 0.2015625
7 0.23125 0.6453125 0.1515625 0.29296875
7 0.89921875 0.65703125 0.1734375 0.26953125
7 0.753125 0.8453125 0.1390625 0.2859375