8 0.09140625 0.02265625 0.0921875 0.0453125
8 0.021875 0.1640625 0.04375 0.134375
8 0.0921875 0.15546875 0.09140625 0.146875
8 0.28046875 0.053125 0.0765625 0.10625
8 0.240625 0.18203125 0.0796875 0.09140625
8 0.3234375 0.40078125 0.10546875 0.16328125
8 0.34453125 0.25078125 0.08203125 0.11328125
8 0.84765625 0.42421875 0.1859375 0.2515625
8 0.6921875 0.353125 0.0890625 0.19921875
8 0.34375 0.78203125 0.090625 0.2265625
8 0.08203125 0.68828125 0.1640625 0.2765625
8 0.63828125 0.58515625 0.2328125 0.0703125
8 0.67578125 0.7359375 0.321875 0.29296875
8 0.4796875 0.93046875 0.18125 0.1390625
8 0.71015625 0.95390625 0.1453125 0.0921875