6 0.2 0.3296875 0.4 0.659375
6 0.7 0.3296875 0.6 0.659375
6 0.2 0.828125 0.4 0.3375
6 0.96015625 0.928125 0.0796875 0.14375
6 0.80078125 0.76484375 0.1046875 0.2109375
6 0.62734375 0.7453125 0.0859375 0.171875
6 0.93359375 0.76171875 0.1234375 0.2046875
6 0.8015625 0.9015625 0.10546875 0.1390625
6 0.85546875 0.97109375 0.0828125 0.0578125
6 0.67109375 0.95390625 0.0984375 0.0921875
6 0.559375 0.86484375 0.08671875 0.21875
6 0.428125 0.70625 0.05625 0.09375
6 0.69921875 0.73828125 0.0671875 0.1578125