6 0.0484375 0.31796875 0.096875 0.1765625
6 0.090625 0.48203125 0.18125 0.2359375
6 0.24921875 0.44921875 0.1671875 0.3015625
6 0.3703125 0.2203125 0.1515625 0.240625
6 0.2375 0.25625 0.14921875 0.2015625
6 0.1484375 0.215625 0.1703125 0.196875
6 0.140625 0.3265625 0.1078125 0.26171875
6 0.725 0.30078125 0.55 0.5984375
6 0.77578125 0.840625 0.2171875 0.31875
6 0.59296875 0.95390625 0.1921875 0.0921875
6 0.57109375 0.809375 0.22578125 0.290625
6 0.93046875 0.84296875 0.1390625 0.3140625
6 0.87421875 0.66484375 0.2515625 0.1296875
6 0.615625 0.6390625 0.33125 0.078125