7 0.38359375 0.2421875 0.16796875 0.0984375
7 0.4046875 0.5484375 0.128125 0.228125
7 0.1515625 0.54921875 0.19453125 0.23828125
7 0.2078125 0.39375 0.178125 0.16875
7 0.0375 0.5359375 0.075 0.2625
7 0.034375 0.92890625 0.06875 0.1421875
7 0.13671875 0.92265625 0.1515625 0.1546875
7 0.07421875 0.75625 0.1484375 0.240625
7 0.209375 0.7546875 0.14453125 0.25703125
7 0.27890625 0.92421875 0.1578125 0.1515625
7 0.40859375 0.92421875 0.1203125 0.1515625
7 0.43515625 0.77890625 0.0671875 0.3015625
7 0.434375 0.3859375 0.06875 0.153125
7 0.90390625 0.32734375 0.1515625 0.0359375
7 0.9140625 0.4765625 0.1703125 0.16328125
7 0.91796875 0.68359375 0.1640625 0.1671875
7 0.92109375 0.90546875 0.1578125 0.1890625
7 0.70859375 0.9171875 0.1421875 0.165625
7 0.784375 0.49765625 0.071875 0.27421875
7 0.4953125 0.42265625 0.053125 0.2265625
7 0.6765625 0.43671875 0.084375 0.165625