5 0.13828125 0.52890625 0.2765625 0.1796875
8 0.8171875 0.10390625 0.26875 0.2078125
8 0.60234375 0.20234375 0.4015625 0.4046875
8 0.5265625 0.48203125 0.334375 0.2734375
8 0.86640625 0.43359375 0.2671875 0.3703125
8 0.14921875 0.8546875 0.2234375 0.290625
8 0.16328125 0.65390625 0.2359375 0.0703125
8 0.26796875 0.7578125 0.1828125 0.278125
8 0.3890625 0.63515625 0.059375 0.0328125
8 0.675 0.9046875 0.10078125 0.1828125
8 0.8421875 0.696875 0.0625 0.13671875
8 0.5265625 0.76171875 0.09609375 0.10546875