7 0.53984375 0.14453125 0.0984375 0.2890625
7 0.41640625 0.14609375 0.1828125 0.2921875
7 0.2578125 0.14375 0.165625 0.2875
7 0.0984375 0.14609375 0.159375 0.2921875
7 0.91796875 0.18984375 0.1640625 0.3796875
7 0.81171875 0.1859375 0.05546875 0.2046875
7 0.68359375 0.23515625 0.1890625 0.2890625
7 0.3640625 0.6703125 0.196875 0.58125
7 0.53359375 0.6828125 0.1109375 0.60625
7 0.0609375 0.65703125 0.121875 0.5546875
7 0.1984375 0.67734375 0.121875 0.5953125
7 0.79453125 0.68984375 0.4109375 0.6203125