5 0.32265625 0.18515625 0.6453125 0.3703125
8 0.85703125 0.07578125 0.2703125 0.1515625
8 0.5484375 0.8296875 0.0796875 0.1078125
8 0.653125 0.5875 0.09375 0.1125
8 0.075 0.92890625 0.0625 0.1421875
8 0.28671875 0.7125 0.06484375 0.103125
8 0.40078125 0.621875 0.05546875 0.1296875
8 0.39765625 0.97109375 0.0984375 0.0578125
8 0.97578125 0.7046875 0.0484375 0.115625
8 0.91484375 0.903125 0.1109375 0.146875
8 0.7453125 0.66796875 0.090625 0.1296875
8 0.9171875 0.55 0.1203125 0.1109375
8 0.73515625 0.93125 0.0703125 0.103125