8 0.171875 0.28828125 0.16875 0.3421875
8 0.08671875 0.265625 0.1703125 0.3875
8 0.31953125 0.29296875 0.0984375 0.31015625
8 0.67421875 0.04609375 0.1453125 0.0921875
8 0.91484375 0.34296875 0.12734375 0.14453125
8 0.0953125 0.90703125 0.0796875 0.103125
8 0.01875 0.67109375 0.0375 0.1109375
8 0.3515625 0.79140625 0.06484375 0.10078125
8 0.2390625 0.70390625 0.05546875 0.125
8 0.4828125 0.578125 0.165625 0.2375
8 0.87890625 0.5265625 0.1546875 0.134375
8 0.95859375 0.5703125 0.0828125 0.209375
8 0.865625 0.70078125 0.165625 0.1703125
8 0.78125 0.78203125 0.10546875 0.13671875
8 0.453125 0.928125 0.10625 0.14375
8 0.64453125 0.9578125 0.1484375 0.084375
8 0.553125 0.79921875 0.1609375 0.13671875
8 0.625 0.54453125 0.0875 0.1703125
8 0.73515625 0.64765625 0.09609375 0.1203125
8 0.98203125 0.85 0.0359375 0.153125