6 0.196875 0.2296875 0.39375 0.459375
6 0.4375 0.22109375 0.075 0.2640625
6 0.45546875 0.453125 0.1109375 0.26875
6 0.5515625 0.38203125 0.12734375 0.290625
6 0.640625 0.51171875 0.128125 0.1546875
6 0.8140625 0.50234375 0.19375 0.1734375
6 0.8953125 0.20546875 0.209375 0.3046875
6 0.71484375 0.08828125 0.1921875 0.1765625
6 0.50078125 0.13203125 0.19453125 0.26171875
6 0.4484375 0.040625 0.096875 0.08125
6 0.95234375 0.075 0.0953125 0.15
6 0.95234375 0.4890625 0.0953125 0.2
6 0.2734375 0.696875 0.0578125 0.09609375
6 0.38046875 0.621875 0.0390625 0.065625
6 0.37890625 0.7703125 0.0421875 0.103125
6 0.309375 0.93125 0.0625 0.08671875
6 0.77890625 0.77890625 0.4421875 0.3796875