8 0.478125 0.31796875 0.11328125 0.0984375
8 0.5546875 0.375 0.12265625 0.1296875
8 0.1703125 0.32734375 0.11796875 0.14921875
8 0.2046875 0.2359375 0.15625 0.125
8 0.32890625 0.32578125 0.1109375 0.13203125
8 0.04375 0.3125 0.06953125 0.1203125
8 0.4171875 0.41796875 0.0875 0.0640625
8 0.81953125 0.0296875 0.0765625 0.059375
8 0.71953125 0.284375 0.0390625 0.125
8 0.96875 0.08359375 0.0625 0.1203125
8 0.93359375 0.31171875 0.06484375 0.1296875
8 0.81015625 0.4125 0.0703125 0.075
8 0.434375 0.52265625 0.3625 0.1453125
8 0.53359375 0.77890625 0.2671875 0.4421875
8 0.35078125 0.91875 0.2046875 0.1625
8 0.09140625 0.93984375 0.1828125 0.1203125
8 0.85 0.725 0.3 0.55