6 0.2359375 0.35 0.471875 0.6
6 0.91796875 0.1796875 0.13203125 0.16796875
6 0.81953125 0.35703125 0.12734375 0.13203125
6 0.6796875 0.37890625 0.10078125 0.16796875
6 0.89140625 0.54921875 0.10078125 0.19921875
6 0.86640625 0.03671875 0.0984375 0.0734375
6 0.97109375 0.41875 0.0578125 0.13125
6 0.60703125 0.62421875 0.1140625 0.0515625
6 0.0609375 0.87265625 0.121875 0.2546875
6 0.24375 0.88984375 0.246875 0.2203125
6 0.35 0.72265625 0.271875 0.1390625
6 0.10390625 0.6984375 0.2078125 0.096875
6 0.41328125 0.97421875 0.1453125 0.0515625
6 0.76875 0.825 0.4375 0.35