8 0.39375 0.16953125 0.1703125 0.3390625
8 0.196875 0.27734375 0.2234375 0.40859375
8 0.46484375 0.45078125 0.1703125 0.2359375
8 0.6796875 0.13671875 0.15625 0.125
8 0.7640625 0.0453125 0.134375 0.090625
8 0.61796875 0.05625 0.12265625 0.1078125
6 0.88046875 0.98046875 0.1109375 0.0390625
6 0.97578125 0.64296875 0.0484375 0.0671875
6 0.953125 0.7109375 0.06484375 0.1203125
6 0.89296875 0.746875 0.08671875 0.09140625
6 0.859375 0.8375 0.05546875 0.0890625
6 0.91796875 0.8484375 0.1109375 0.103125
6 0.7375 0.79375 0.06953125 0.10078125
6 0.784375 0.63046875 0.0578125 0.09140625