8 0.2546875 0.74453125 0.509375 0.5109375
8 0.690625 0.6265625 0.14921875 0.18046875
8 0.58203125 0.69609375 0.1453125 0.2015625
8 0.70390625 0.82109375 0.15859375 0.165625
8 0.78515625 0.90078125 0.103125 0.134375
8 0.81328125 0.53671875 0.1109375 0.0953125
8 0.68984375 0.51796875 0.1109375 0.0578125
8 0.5625 0.5046875 0.084375 0.03125
8 0.96484375 0.915625 0.0703125 0.134375
8 0.93671875 0.66171875 0.084375 0.18515625
8 0.8296875 0.77109375 0.09140625 0.115625
8 0.56015625 0.94609375 0.0953125 0.1078125