6 0.13046875 0.2859375 0.2609375 0.2875
6 0.396875 0.309375 0.24375 0.240625
6 0.3390625 0.11953125 0.3375 0.2390625
6 0.95078125 0.1953125 0.0984375 0.228125
6 0.86640625 0.146875 0.2671875 0.29375
6 0.63515625 0.09453125 0.1421875 0.1890625
6 0.58828125 0.33984375 0.1390625 0.1796875
6 0.334375 0.496875 0.06953125 0.0625
6 0.1359375 0.840625 0.1203125 0.1296875
6 0.17578125 0.58046875 0.071875 0.08203125
6 0.03515625 0.45546875 0.0703125 0.0515625
6 0.0140625 0.73984375 0.028125 0.0890625
6 0.05 0.609375 0.06953125 0.09140625
6 0.4828125 0.44921875 0.071875 0.0390625
6 0.60703125 0.6546875 0.1765625 0.209375
6 0.790625 0.95 0.240625 0.1
6 0.88671875 0.8203125 0.2265625 0.215625