8 0.15625 0.3109375 0.16328125 0.18984375
8 0.45546875 0.0765625 0.1078125 0.153125
8 0.13203125 0.51953125 0.1328125 0.1390625
8 0.12734375 0.09375 0.1203125 0.1875
8 0.25078125 0.07421875 0.1484375 0.1484375
8 0.4375 0.42265625 0.13671875 0.18515625
8 0.878125 0.26640625 0.2046875 0.2453125
8 0.325 0.69765625 0.36875 0.2171875
8 0.19765625 0.87578125 0.2234375 0.22578125
8 0.1046875 0.66796875 0.209375 0.1578125
8 0.96171875 0.67890625 0.0765625 0.1796875
8 0.97265625 0.871875 0.0546875 0.15625
8 0.79296875 0.95078125 0.2609375 0.0984375