8 0.203125 0.2546875 0.371875 0.509375
8 0.328125 0.58046875 0.121875 0.1421875
8 0.14453125 0.553125 0.2359375 0.0875
8 0.334375 0.803125 0.109375 0.278125
8 0.15703125 0.78203125 0.196875 0.303125
5 0.57578125 0.5328125 0.2234375 0.046875
5 0.640625 0.6875 0.165625 0.18984375
5 0.628125 0.8796875 0.1109375 0.16796875
5 0.4625 0.91640625 0.146875 0.1671875
5 0.41875 0.63359375 0.059375 0.1671875
5 0.95 0.5796875 0.1 0.140625
5 0.92265625 0.94375 0.1546875 0.1125
5 0.815625 0.72109375 0.12734375 0.25703125
5 0.75703125 0.94453125 0.1421875 0.1078125
5 0.9390625 0.78984375 0.121875 0.1421875