8 0.20859375 0.11953125 0.3828125 0.2390625
8 0.8140625 0.0921875 0.371875 0.184375
8 0.5296875 0.11328125 0.196875 0.2265625
8 0.09921875 0.3796875 0.1734375 0.28125
8 0.2015625 0.81171875 0.1734375 0.16796875
8 0.05390625 0.9703125 0.1078125 0.059375
8 0.315625 0.92734375 0.16875 0.1453125
8 0.9265625 0.3578125 0.146875 0.2375
8 0.71640625 0.37421875 0.2453125 0.2703125
8 0.48828125 0.36640625 0.1765625 0.2546875
8 0.94296875 0.65703125 0.1140625 0.3234375
8 0.72578125 0.6703125 0.228125 0.2984375
8 0.49609375 0.68046875 0.1921875 0.3703125
8 0.50859375 0.93203125 0.2171875 0.1359375
8 0.8015625 0.93671875 0.25 0.1265625