6 0.2984375 0.51171875 0.290625 0.30078125
6 0.46796875 0.7453125 0.0796875 0.109375
6 0.7015625 0.0359375 0.05625 0.071875
6 0.753125 0.0125 0.0625 0.025
6 0.75234375 0.11484375 0.0578125 0.09609375
6 0.859375 0.1203125 0.0484375 0.115625
6 0.7625 0.253125 0.040625 0.10546875
6 0.7234375 0.321875 0.053125 0.103125
6 0.81171875 0.609375 0.0765625 0.08203125
6 0.675 0.453125 0.03125 0.090625
6 0.66953125 0.17734375 0.0203125 0.1078125
6 0.86171875 0.328125 0.03359375 0.103125
6 0.92109375 0.34921875 0.06484375 0.09140625
6 0.9078125 0.425 0.06484375 0.10546875
6 0.8234375 0.42421875 0.06015625 0.09609375
6 0.7296875 0.44296875 0.05546875 0.10078125
6 0.7109375 0.578125 0.06015625 0.09375
6 0.6953125 0.7515625 0.071875 0.090625
6 0.87734375 0.74609375 0.08671875 0.09609375
6 0.93515625 0.63203125 0.05546875 0.0890625
6 0.92734375 0.765625 0.0640625 0.06875
6 0.3296875 0.9 0.659375 0.2
6 0.93359375 0.9 0.1328125 0.2
6 0.934375 0.9 0.13125 0.2
6 0.771875 0.9 0.225 0.2