8 0.21171875 0.04375 0.1078125 0.0875
8 0.528125 0.15078125 0.11328125 0.18984375
8 0.61796875 0.13359375 0.0234375 0.1078125
8 0.1890625 0.27578125 0.0796875 0.1515625
8 0.0140625 0.19296875 0.028125 0.1140625
8 0.18046875 0.5578125 0.0984375 0.084375
8 0.2046875 0.44140625 0.0796875 0.15859375
8 0.35234375 0.34765625 0.0625 0.09609375
8 0.3625 0.55859375 0.059375 0.0828125
8 0.53125 0.534375 0.0671875 0.10078125
8 0.6046875 0.525 0.05 0.11875
8 0.384375 0.19375 0.05078125 0.11328125
8 0.81484375 0.340625 0.3703125 0.51875
8 0.70625 0.3015625 0.153125 0.55
8 0.31328125 0.71015625 0.5109375 0.2203125
8 0.88515625 0.69609375 0.1609375 0.12734375
8 0.72734375 0.7125 0.1421875 0.225
8 0.67109375 0.9609375 0.0765625 0.078125
8 0.825 0.96484375 0.09375 0.0703125