8 0.18984375 0.26484375 0.3796875 0.5296875
8 0.51015625 0.440625 0.2609375 0.178125
8 0.865625 0.3671875 0.26875 0.325
8 0.34140625 0.71796875 0.0765625 0.0984375
8 0.1359375 0.93046875 0.1375 0.1390625
8 0.05546875 0.7265625 0.1109375 0.15
8 0.0875 0.6359375 0.15625 0.125
8 0.21171875 0.72578125 0.1109375 0.13203125
8 0.30078125 0.83671875 0.08671875 0.10078125
8 0.34453125 0.95234375 0.0703125 0.0953125
8 0.87578125 0.69375 0.2015625 0.328125
8 0.84609375 0.95 0.3078125 0.1
8 0.52421875 0.7765625 0.2890625 0.34375