8 0.05703125 0.42421875 0.1140625 0.2515625
8 0.43828125 0.07734375 0.1296875 0.1546875
8 0.94765625 0.02890625 0.1046875 0.0578125
8 0.98203125 0.496875 0.0359375 0.10625
8 0.8 0.084375 0.14453125 0.12265625
8 0.25234375 0.890625 0.1890625 0.21875
8 0.11875 0.71875 0.12265625 0.20703125
8 0.38828125 0.95625 0.1703125 0.0875
8 0.5109375 0.87578125 0.0375 0.2484375
8 0.3375 0.628125 0.096875 0.15625
8 0.753125 0.6140625 0.1375 0.128125
8 0.584375 0.89921875 0.109375 0.2015625
8 0.61015625 0.64765625 0.1109375 0.1953125
8 0.9171875 0.8359375 0.0890625 0.2546875
8 0.8015625 0.884375 0.103125 0.23125