6 0.046875 0.37265625 0.0765625 0.1390625
6 0.1046875 0.41953125 0.06953125 0.115625
6 0.11171875 0.496875 0.10546875 0.0796875
6 0.22578125 0.43515625 0.10078125 0.19921875
6 0.040625 0.5578125 0.08125 0.103125
7 0.82265625 0.1234375 0.2546875 0.246875
7 0.57265625 0.134375 0.2109375 0.26875
7 0.36484375 0.13046875 0.1703125 0.2609375
7 0.97109375 0.34140625 0.0578125 0.0796875
7 0.8203125 0.31328125 0.18984375 0.0796875
7 0.5796875 0.32421875 0.23046875 0.09609375
7 0.36484375 0.32734375 0.1703125 0.0921875
7 0.13984375 0.8046875 0.2796875 0.390625
7 0.7453125 0.72265625 0.509375 0.2265625
7 0.34296875 0.70078125 0.1265625 0.1828125