6 0.33515625 0.16015625 0.6296875 0.3203125
6 0.825 0.21796875 0.35 0.2140625
6 0.825 0.446875 0.35 0.20625
6 0.325 0.7390625 0.65 0.378125
8 0.7859375 0.7734375 0.08671875 0.1078125
8 0.978125 0.85859375 0.04375 0.1265625
8 0.98125 0.59140625 0.0375 0.0828125
8 0.66171875 0.825 0.0234375 0.096875
8 0.89921875 0.95234375 0.1046875 0.0953125
8 0.72421875 0.975 0.0578125 0.05
8 0.77109375 0.8828125 0.10078125 0.0984375
8 0.73984375 0.68046875 0.12265625 0.1109375
8 0.8578125 0.62265625 0.0578125 0.10078125