6 0.34765625 0.2796875 0.4828125 0.559375
6 0.82578125 0.4296875 0.3078125 0.259375
6 0.7890625 0.11796875 0.18515625 0.20703125
6 0.67421875 0.30703125 0.1703125 0.4296875
6 0.9171875 0.053125 0.165625 0.10625
6 0.434375 0.64140625 0.159375 0.1640625
6 0.08828125 0.971875 0.1765625 0.05625
6 0.23203125 0.578125 0.1109375 0.0375
6 0.28984375 0.665625 0.08671875 0.196875
6 0.22734375 0.90625 0.0796875 0.15859375
6 0.06484375 0.90078125 0.0890625 0.14921875
6 0.096875 0.6375 0.103125 0.15625
6 0.56015625 0.878125 0.0578125 0.165625
6 0.5484375 0.96640625 0.059375 0.0671875
6 0.46796875 0.97578125 0.1296875 0.0484375
6 0.79453125 0.7796875 0.4109375 0.440625