6 0.20625 0.10546875 0.13203125 0.146875
6 0.490625 0.153125 0.12734375 0.2140625
6 0.57734375 0.03125 0.1078125 0.0625
6 0.63515625 0.24375 0.1078125 0.1375
6 0.434375 0.48515625 0.10078125 0.11796875
6 0.2859375 0.53046875 0.125 0.0765625
6 0.0671875 0.55390625 0.065625 0.0296875
6 0.059375 0.03828125 0.11875 0.0765625
6 0.034375 0.16484375 0.06875 0.0890625
6 0.34453125 0.83203125 0.6890625 0.3359375
6 0.5140625 0.63125 0.35 0.125
6 0.16640625 0.6203125 0.3328125 0.103125
6 0.9234375 0.82109375 0.153125 0.3578125