8 0.0546875 0.51171875 0.0625 0.0765625
8 0.115625 0.5109375 0.06875 0.078125
8 0.340625 0.31328125 0.078125 0.1140625
8 0.2546875 0.0578125 0.065625 0.115625
8 0.01171875 0.47109375 0.0234375 0.0796875
8 0.05703125 0.375 0.1140625 0.115625
8 0.11171875 0.12890625 0.0796875 0.06953125
8 0.14375 0.25390625 0.0625 0.06953125
8 0.0171875 0.2 0.034375 0.096875
8 0.2125 0.196875 0.0625 0.08671875
8 0.25546875 0.415625 0.05546875 0.09609375
8 0.2421875 0.509375 0.06484375 0.06484375
8 0.3453125 0.4140625 0.06875 0.059375
8 0.73515625 0.275 0.5296875 0.55
8 0.1765625 0.86640625 0.315625 0.2671875
8 0.54609375 0.978125 0.0984375 0.04375
8 0.9375 0.85546875 0.125 0.1453125
8 0.7046875 0.97890625 0.121875 0.0421875