6 0.57578125 0.2734375 0.0671875 0.134375
6 0.36328125 0.19609375 0.13203125 0.16796875
6 0.2625 0.375 0.1296875 0.134375
6 0.12265625 0.3984375 0.103125 0.16796875
6 0.33515625 0.51015625 0.1015625 0.0796875
6 0.31171875 0.04453125 0.0984375 0.0890625
6 0.584375 0.1390625 0.05 0.159375
6 0.5171875 0.13828125 0.06953125 0.165625
6 0.43984375 0.440625 0.103125 0.13203125
6 0.528125 0.4484375 0.07421875 0.18984375
6 0.79765625 0.3296875 0.3765625 0.440625
6 0.7109375 0.1296875 0.203125 0.259375
6 0.3046875 0.8234375 0.609375 0.353125
6 0.78515625 0.775 0.3515625 0.45