8 0.2453125 0.32578125 0.1703125 0.3390625
8 0.0796875 0.3734375 0.159375 0.290625
6 0.7 0.259375 0.6 0.51875
6 0.1453125 0.62109375 0.225 0.2046875
6 0.33984375 0.76484375 0.1203125 0.4703125
6 0.3140625 0.93359375 0.171875 0.1328125
6 0.2140625 0.9578125 0.315625 0.084375
6 0.1125 0.83515625 0.225 0.3296875
6 0.6828125 0.90703125 0.15625 0.1859375
6 0.4828125 0.69765625 0.1109375 0.26171875
6 0.8828125 0.75 0.1390625 0.18984375
6 0.61953125 0.7046875 0.125 0.2359375
6 0.4828125 0.8609375 0.1109375 0.14453125
6 0.53828125 0.9515625 0.0859375 0.096875
6 0.95703125 0.94375 0.0859375 0.1125
6 0.7703125 0.5890625 0.1203125 0.12734375
6 0.8015625 0.70078125 0.19453125 0.14921875
6 0.63828125 0.57109375 0.0734375 0.1046875
6 0.915625 0.578125 0.103125 0.11875