8 0.3125 0.26796875 0.18046875 0.16796875
8 0.68359375 0.1421875 0.1328125 0.1875
8 0.05078125 0.4546875 0.1015625 0.16875
8 0.39609375 0.49140625 0.2421875 0.0953125
8 0.6203125 0.45390625 0.209375 0.1703125
8 0.875 0.26953125 0.25 0.5390625
8 0.52109375 0.64609375 0.3453125 0.2140625
8 0.221875 0.76953125 0.375 0.4609375
8 0.56171875 0.82109375 0.3078125 0.334375
5 0.83046875 0.5609375 0.1609375 0.04375
5 0.78359375 0.7109375 0.0671875 0.1875
5 0.7765625 0.903125 0.053125 0.165625
5 0.91953125 0.92890625 0.1609375 0.1421875
5 0.96328125 0.65859375 0.0734375 0.1671875