7 0.471875 0.3609375 0.215625 0.21875
7 0.16953125 0.43671875 0.08671875 0.12734375
7 0.07890625 0.121875 0.1578125 0.134375
7 0.95078125 0.36484375 0.0984375 0.6484375
7 0.78828125 0.1578125 0.1453125 0.315625
7 0.80625 0.525 0.175 0.328125
7 0.5984375 0.4625 0.0375 0.453125
7 0.06640625 0.75859375 0.1328125 0.1390625
7 0.06640625 0.93046875 0.1328125 0.1390625
7 0.26015625 0.71171875 0.1890625 0.0453125
7 0.2515625 0.88828125 0.196875 0.2234375
7 0.484375 0.90078125 0.14453125 0.19453125
7 0.7515625 0.7703125 0.34375 0.1625