8 0.2609375 0.23828125 0.14921875 0.23828125
8 0.51640625 0.49375 0.1671875 0.24375
8 0.4296875 0.60703125 0.196875 0.1046875
8 0.34140625 0.42265625 0.15625 0.18515625
8 0.47109375 0.2796875 0.146875 0.36796875
8 0.0625 0.34921875 0.11796875 0.209375
8 0.0578125 0.57109375 0.115625 0.1765625
8 0.54921875 0.1234375 0.1015625 0.246875
8 0.2453125 0.0515625 0.15625 0.103125
8 0.040625 0.06171875 0.08125 0.1234375
8 0.1453125 0.546875 0.134375 0.225
8 0.8 0.325 0.4 0.446875
8 0.20234375 0.8296875 0.4046875 0.340625
8 0.571875 0.86796875 0.05625 0.2640625
8 0.7734375 0.8296875 0.346875 0.340625