6 0.25234375 0.5453125 0.2734375 0.209375
6 0.48203125 0.5609375 0.1546875 0.178125
6 0.35625 0.140625 0.22109375 0.1609375
6 0.18984375 0.178125 0.21171875 0.1828125
6 0.30703125 0.3078125 0.22578125 0.27421875
6 0.45625 0.44921875 0.20625 0.2359375
6 0.4765625 0.27734375 0.16328125 0.19921875
6 0.053125 0.1984375 0.10625 0.21875
6 0.05546875 0.240625 0.1109375 0.146875
6 0.8734375 0.27578125 0.178125 0.50234375
6 0.6671875 0.3921875 0.0984375 0.33671875
8 0.2140625 0.83359375 0.1875 0.3328125
6 0.63984375 0.825 0.1609375 0.35
6 0.88984375 0.8734375 0.2203125 0.253125