6 0.3375 0.1734375 0.1625 0.284375
6 0.36953125 0.396875 0.0984375 0.20625
6 0.2140625 0.2234375 0.12265625 0.25703125
6 0.24375 0.05546875 0.1125 0.1109375
6 0.671875 0.25 0.50625 0.5
6 0.28984375 0.66875 0.2453125 0.1921875
6 0.2984375 0.8875 0.240625 0.225
6 0.30390625 0.56328125 0.2296875 0.1265625
6 0.140625 0.934375 0.259375 0.13125
6 0.64921875 0.71640625 0.18984375 0.209375
6 0.47578125 0.8328125 0.1140625 0.334375
6 0.4890625 0.9453125 0.140625 0.109375
6 0.81953125 0.878125 0.1265625 0.24375
6 0.7171875 0.534375 0.1125 0.06875
6 0.52265625 0.53828125 0.2015625 0.0765625
6 0.478125 0.5796875 0.11875 0.134375
6 0.971875 0.71484375 0.05625 0.1953125