7 0.10703125 0.184375 0.2140625 0.36875
7 0.4703125 0.29609375 0.11875 0.1453125
7 0.2875 0.184375 0.115625 0.36875
7 0.825 0.184375 0.35 0.36875
7 0.59140625 0.490625 0.1171875 0.24375
7 0.453125 0.4859375 0.165625 0.234375
7 0.29765625 0.49453125 0.1828125 0.2515625
7 0.13984375 0.4921875 0.1703125 0.246875
7 0.03359375 0.4890625 0.0671875 0.240625
7 0.58828125 0.77265625 0.1234375 0.3765625
7 0.45234375 0.7734375 0.1828125 0.38203125
7 0.29375 0.77421875 0.165625 0.3703125
7 0.13515625 0.7734375 0.15859375 0.38203125
7 0.034375 0.778125 0.06875 0.365625
7 0.68828125 0.59140625 0.0765625 0.0734375
7 0.6796875 0.44453125 0.059375 0.0546875
7 0.82734375 0.51015625 0.11796875 0.06015625
7 0.93515625 0.39296875 0.1296875 0.0484375