6 0.27578125 0.13046875 0.3671875 0.2609375
6 0.40078125 0.3625 0.1171875 0.453125
6 0.24140625 0.39921875 0.3546875 0.3796875
6 0.1203125 0.32734375 0.240625 0.5234375
6 0.6953125 0.22734375 0.0796875 0.06015625
6 0.6015625 0.3921875 0.06953125 0.0625
6 0.46875 0.475 0.01875 0.08125
6 0.60859375 0.04140625 0.0703125 0.0828125
6 0.68125 0.04453125 0.06953125 0.0796875
6 0.73828125 0.02109375 0.0953125 0.0421875
6 0.753125 0.32109375 0.0765625 0.08671875
6 0.29296875 0.7171875 0.2328125 0.25625
6 0.2328125 0.8953125 0.284375 0.209375
6 0.7296875 0.79453125 0.540625 0.4109375