8 0.17890625 0.23515625 0.1390625 0.1890625
8 0.18125 0.0703125 0.240625 0.140625
8 0.0734375 0.01484375 0.10625 0.0296875
8 0.64609375 0.16015625 0.3484375 0.3203125
8 0.93125 0.16484375 0.1375 0.3296875
8 0.79296875 0.20234375 0.2765625 0.2546875
8 0.31640625 0.865625 0.0453125 0.0625
8 0.2515625 0.5609375 0.05078125 0.05078125
8 0.11796875 0.8859375 0.03359375 0.0453125
8 0.05390625 0.828125 0.0453125 0.0453125
8 0.0453125 0.390625 0.0578125 0.071875
8 0.49921875 0.8875 0.1109375 0.165625
8 0.48984375 0.6890625 0.115625 0.1390625