8 0.25546875 0.35234375 0.3671875 0.1546875
8 0.0328125 0.27734375 0.065625 0.3046875
8 0.56171875 0.2875 0.0953125 0.284375
8 0.43125 0.2375 0.18046875 0.3390625
6 0.8046875 0.21484375 0.390625 0.4296875
6 0.3453125 0.590625 0.1421875 0.19921875
6 0.19453125 0.5859375 0.14921875 0.21640625
6 0.01796875 0.603125 0.0359375 0.2
6 0.03984375 0.9 0.0796875 0.15
6 0.1890625 0.928125 0.165625 0.14375
6 0.47265625 0.928125 0.1421875 0.14375
6 0.57890625 0.60703125 0.0609375 0.1921875
6 0.76484375 0.6484375 0.3109375 0.4375
6 0.971875 0.9484375 0.05625 0.103125
6 0.8390625 0.98515625 0.321875 0.0296875