6 0.28046875 0.2546875 0.2296875 0.35
6 0.84375 0.21484375 0.309375 0.4296875
6 0.40703125 0.71171875 0.21875 0.23828125
6 0.57265625 0.56953125 0.2328125 0.2546875
6 0.6390625 0.68984375 0.1 0.1890625
6 0.078125 0.68828125 0.1515625 0.22109375
6 0.15 0.809375 0.1421875 0.18515625
6 0.1421875 0.89921875 0.284375 0.2015625
6 0.9609375 0.5515625 0.05546875 0.0796875
6 0.959375 0.73828125 0.06484375 0.1421875
6 0.8625 0.86796875 0.10546875 0.11796875
6 0.80859375 0.984375 0.1109375 0.03125
6 0.7734375 0.72109375 0.0765625 0.08203125