8 0.196875 0.24375 0.39375 0.4875
8 0.70546875 0.47734375 0.11328125 0.12734375
8 0.5640625 0.553125 0.11875 0.03125
8 0.76484375 0.0609375 0.1390625 0.1078125
8 0.97109375 0.27890625 0.0578125 0.0671875
8 0.8328125 0.28671875 0.084375 0.1703125
8 0.10546875 0.7078125 0.2109375 0.278125
8 0.09609375 0.90703125 0.1421875 0.1859375
8 0.3484375 0.81796875 0.103125 0.2515625
8 0.3140625 0.71640625 0.171875 0.2390625
8 0.20859375 0.58125 0.1828125 0.025
8 0.48984375 0.925 0.1703125 0.15
8 0.64921875 0.715625 0.19453125 0.28359375
8 0.4859375 0.6515625 0.09375 0.165625
8 0.94375 0.9390625 0.1125 0.121875
8 0.7375 0.90703125 0.15 0.1859375