6 0.25 0.24453125 0.5 0.4890625
6 0.75 0.24453125 0.5 0.4890625
6 0.07421875 0.521875 0.1484375 0.065625
6 0.4265625 0.590625 0.12734375 0.13203125
6 0.353125 0.7828125 0.10078125 0.19921875
6 0.24921875 0.6546875 0.103125 0.13203125
6 0.16328125 0.66328125 0.07421875 0.18984375
6 0.18671875 0.91640625 0.0984375 0.1671875
6 0.06953125 0.871875 0.1203125 0.14453125
6 0.425 0.965625 0.15 0.06875
6 0.3171875 0.9625 0.10625 0.075
8 0.89296875 0.74453125 0.2140625 0.5109375
8 0.6015625 0.9359375 0.203125 0.128125
8 0.725 0.74453125 0.38125 0.5109375