8 0.30234375 0.26171875 0.10546875 0.11796875
8 0.02421875 0.246875 0.0484375 0.125
8 0.42734375 0.43828125 0.1828125 0.1234375
8 0.29453125 0.465625 0.0921875 0.06875
8 0.0953125 0.44375 0.1 0.1125
8 0.25234375 0.1578125 0.10078125 0.10078125
8 0.0640625 0.14921875 0.128125 0.1078125
8 0.92109375 0.09296875 0.1578125 0.1859375
8 0.61171875 0.21015625 0.1234375 0.1390625
8 0.8765625 0.22890625 0.178125 0.103125
8 0.9328125 0.45703125 0.134375 0.0859375
8 0.8328125 0.43203125 0.07421875 0.103125
8 0.7328125 0.41171875 0.071875 0.1109375
8 0.125 0.84765625 0.1390625 0.1921875
8 0.12734375 0.67421875 0.240625 0.15390625
8 0.0359375 0.56953125 0.071875 0.1390625
8 0.26015625 0.5375 0.1078125 0.075
8 0.40703125 0.95546875 0.2640625 0.0890625
8 0.50234375 0.81796875 0.0953125 0.1546875
8 0.4296875 0.88828125 0.1390625 0.12265625
8 0.53203125 0.54609375 0.0359375 0.0921875
8 0.4453125 0.7015625 0.16328125 0.17578125
8 0.775 0.75 0.45 0.5