5 0.159375 0.1796875 0.31875 0.359375
8 0.928125 0.19609375 0.14375 0.2703125
8 0.10546875 0.42421875 0.2109375 0.1296875
8 0.284375 0.9046875 0.06875 0.190625
8 0.11484375 0.89375 0.2296875 0.2125
8 0.10078125 0.6390625 0.2015625 0.259375
8 0.27265625 0.6203125 0.0921875 0.2875
8 0.40859375 0.63359375 0.1796875 0.4953125
8 0.6828125 0.64765625 0.3609375 0.3609375
8 0.88828125 0.46171875 0.2234375 0.2046875
8 0.93515625 0.69375 0.1296875 0.396875
8 0.78984375 0.896875 0.4203125 0.20625
8 0.3859375 0.903125 0.134375 0.19375
8 0.5921875 0.4359375 0.303125 0.153125