7 0.26484375 0.19453125 0.5296875 0.3890625
7 0.82109375 0.246875 0.3578125 0.284375
7 0.671875 0.19453125 0.284375 0.3890625
7 0.228125 0.934375 0.3625 0.13125
7 0.0578125 0.68046875 0.115625 0.2734375
7 0.04453125 0.828125 0.0890625 0.196875
7 0.40859375 0.775 0.2421875 0.334375
7 0.22265625 0.79453125 0.2859375 0.30546875
7 0.65234375 0.434375 0.2453125 0.090625
7 0.7671875 0.5515625 0.25234375 0.2015625
7 0.878125 0.72890625 0.24375 0.2046875
7 0.64375 0.74765625 0.228125 0.1859375
7 0.93203125 0.5578125 0.1359375 0.1875