8 0.28125 0.165625 0.10546875 0.1390625
8 0.4640625 0.31015625 0.05 0.1671875
8 0.4546875 0.0484375 0.06875 0.096875
8 0.13359375 0.39765625 0.1109375 0.0828125
8 0.26328125 0.01796875 0.0765625 0.0359375
8 0.1 0.01796875 0.10625 0.0359375
8 0.803125 0.04765625 0.16875 0.0953125
8 0.5890625 0.02890625 0.2 0.0578125
8 0.1078125 0.73359375 0.14921875 0.23828125
8 0.384375 0.93359375 0.209375 0.1328125
8 0.1875 0.9125 0.15625 0.175
8 0.31796875 0.775 0.146875 0.36796875
8 0.409375 0.60625 0.12734375 0.27421875
8 0.0921875 0.51875 0.15625 0.159375
8 0.6140625 0.78984375 0.13671875 0.2765625
8 0.7859375 0.72578125 0.1703125 0.2640625
8 0.56484375 0.53046875 0.1515625 0.1828125