6 0.265625 0.4171875 0.09140625 0.0890625
6 0.3328125 0.49765625 0.10078125 0.115625
6 0.40859375 0.34140625 0.0765625 0.1203125
6 0.3984375 0.428125 0.08203125 0.06484375
6 0.4796875 0.471875 0.078125 0.128125
6 0.446875 0.58515625 0.08125 0.0484375
6 0.121875 0.58671875 0.0625 0.0453125
6 0.02890625 0.4484375 0.0578125 0.134375
6 0.1046875 0.24765625 0.14921875 0.1390625
6 0.2453125 0.09375 0.12734375 0.115625
6 0.2546875 0.2671875 0.05546875 0.0765625
6 0.3171875 0.23828125 0.08203125 0.10546875
6 0.36796875 0.1625 0.08203125 0.10078125
6 0.43515625 0.14453125 0.09140625 0.13671875
6 0.471875 0.3046875 0.09375 0.10625
6 0.1640625 0.37109375 0.071875 0.06015625
6 0.759375 0.3046875 0.48125 0.609375
6 0.50234375 0.88046875 0.0328125 0.2390625
6 0.23828125 0.96796875 0.1421875 0.0640625
6 0.05234375 0.8984375 0.1046875 0.14375
6 0.1578125 0.690625 0.071875 0.14921875
6 0.05546875 0.65390625 0.1109375 0.0890625
6 0.28515625 0.64296875 0.0984375 0.0671875
6 0.5765625 0.8203125 0.115625 0.1125
6 0.71171875 0.97734375 0.0921875 0.0453125
6 0.9625 0.6265625 0.075 0.034375