8 0.190625 0.16328125 0.31875 0.3265625
8 0.4109375 0.16953125 0.121875 0.1421875
8 0.5828125 0.18828125 0.1703125 0.1609375
8 0.8859375 0.17109375 0.10078125 0.11328125
8 0.24921875 0.43671875 0.2015625 0.0734375
8 0.24609375 0.5671875 0.2078125 0.146875
8 0.24921875 0.734375 0.2015625 0.159375
8 0.23203125 0.91484375 0.2359375 0.1703125
8 0.56640625 0.946875 0.1640625 0.10625
8 0.43125 0.95546875 0.146875 0.0890625
8 0.71875 0.76875 0.18515625 0.26953125
8 0.5625 0.6875 0.0890625 0.19921875
8 0.80078125 0.93125 0.1421875 0.1375