7 0.153125 0.1671875 0.11796875 0.1078125
7 0.296875 0.171875 0.1296875 0.071875
7 0.78125 0.2421875 0.4375 0.484375
7 0.0515625 0.61640625 0.103125 0.1296875
7 0.30546875 0.6171875 0.08671875 0.1078125
7 0.26328125 0.7703125 0.1515625 0.11328125
7 0.4265625 0.5296875 0.084375 0.040625
7 0.31640625 0.528125 0.1609375 0.0375
7 0.39609375 0.778125 0.1453125 0.10625
7 0.13828125 0.84453125 0.13203125 0.10078125
7 0.45703125 0.92890625 0.0234375 0.0984375
7 0.196875 0.9453125 0.08203125 0.07421875
7 0.30625 0.95078125 0.10078125 0.08203125
7 0.734375 0.7546875 0.53125 0.490625