6 0.1828125 0.01640625 0.115625 0.0328125
6 0.1046875 0.1703125 0.1390625 0.11796875
6 0.3546875 0.0796875 0.1421875 0.09140625
6 0.58046875 0.1390625 0.15859375 0.0890625
6 0.7203125 0.071875 0.059375 0.090625
6 0.875 0.2046875 0.25 0.409375
6 0.5984375 0.8640625 0.303125 0.271875
6 0.1015625 0.528125 0.203125 0.2375
6 0.059375 0.64296875 0.11875 0.3390625
6 0.1421875 0.91015625 0.284375 0.1796875
6 0.43515625 0.59296875 0.27421875 0.240625
6 0.62890625 0.590625 0.2421875 0.240625
6 0.875 0.7046875 0.25 0.590625