7 0.3046875 0.11953125 0.609375 0.2390625
6 0.98125 0.11953125 0.0375 0.2390625
6 0.8609375 0.1171875 0.2 0.234375
6 0.7296875 0.1140625 0.134375 0.228125
6 0.45703125 0.4515625 0.27421875 0.28828125
6 0.55078125 0.309375 0.1171875 0.140625
6 0.50625 0.6625 0.20625 0.190625
6 0.19140625 0.6296875 0.303125 0.24765625
6 0.3296875 0.79921875 0.18984375 0.3171875
6 0.07890625 0.346875 0.1296875 0.215625
6 0.24609375 0.30625 0.1984375 0.134375
6 0.378125 0.303125 0.134375 0.128125
7 0.9234375 0.6484375 0.153125 0.703125
7 0.725 0.625 0.23125 0.75