8 0.58046875 0.2328125 0.0984375 0.259375
8 0.196875 0.078125 0.0671875 0.1390625
8 0.034375 0.09921875 0.06875 0.1984375
8 0.190625 0.50390625 0.134375 0.0921875
8 0.07421875 0.50390625 0.1484375 0.0921875
8 0.4984375 0.515625 0.1125 0.06875
8 0.60546875 0.0671875 0.0484375 0.134375
8 0.36796875 0.0828125 0.1484375 0.165625
8 0.2 0.2484375 0.1296875 0.1390625
8 0.4359375 0.2390625 0.1078125 0.1203125
8 0.30625 0.30546875 0.08203125 0.10078125
8 0.30390625 0.49375 0.1203125 0.1125
5 0.81484375 0.2625 0.3703125 0.525
5 0.490625 0.775 0.278125 0.45
5 0.3046875 0.91640625 0.496875 0.1671875
5 0.83828125 0.775 0.3234375 0.45