8 0.13515625 0.16484375 0.115625 0.10078125
8 0.059375 0.22421875 0.11875 0.1328125
8 0.33203125 0.41484375 0.0734375 0.2046875
8 0.290625 0.1734375 0.115625 0.13671875
8 0.10234375 0.50546875 0.1421875 0.0484375
8 0.05390625 0.39375 0.1078125 0.16875
8 0.19765625 0.2890625 0.09140625 0.103125
8 0.1453125 0.42109375 0.08671875 0.125
8 0.771875 0.346875 0.45625 0.365625
8 0.28984375 0.64296875 0.1578125 0.2265625
8 0.09609375 0.66640625 0.1921875 0.2734375
8 0.10859375 0.90078125 0.2171875 0.1984375
8 0.32265625 0.90546875 0.0921875 0.1890625
8 0.52734375 0.5921875 0.3171875 0.125
8 0.8296875 0.76484375 0.340625 0.4703125
8 0.69921875 0.8390625 0.3515625 0.321875
8 0.459375 0.859375 0.18125 0.28125