6 0.06015625 0.234375 0.1203125 0.46875
6 0.3296875 0.103125 0.1 0.20625
6 0.396875 0.12109375 0.234375 0.2421875
6 0.49453125 0.05 0.2046875 0.1
6 0.79765625 0.040625 0.2765625 0.08125
6 0.90078125 0.29765625 0.1984375 0.3421875
6 0.73125 0.41796875 0.278125 0.1015625
6 0.48671875 0.33125 0.1921875 0.275
6 0.13984375 0.734375 0.2796875 0.53125
6 0.5296875 0.49765625 0.2375 0.0578125
6 0.96796875 0.62265625 0.0640625 0.3078125
6 0.86328125 0.765625 0.2734375 0.228125
6 0.79609375 0.88203125 0.4078125 0.2359375
6 0.621875 0.61875 0.1921875 0.28125