6 0.49609375 0.1890625 0.06953125 0.0671875
6 0.4625 0.25625 0.06484375 0.1203125
6 0.40234375 0.2921875 0.08671875 0.09140625
6 0.36875 0.3828125 0.05546875 0.0890625
6 0.42734375 0.39375 0.1109375 0.103125
6 0.246875 0.3390625 0.06953125 0.10078125
6 0.29375 0.17578125 0.0578125 0.09140625
6 0.7359375 0.1140625 0.253125 0.228125
6 0.91171875 0.3625 0.1765625 0.3125
6 0.734375 0.3625 0.221875 0.3125
6 0.16640625 0.8421875 0.3328125 0.134375
6 0.52890625 0.82265625 0.1609375 0.2859375
6 0.1375 0.9421875 0.159375 0.115625
6 0.2234375 0.7046875 0.446875 0.371875
6 0.8046875 0.8046875 0.390625 0.390625