8 0.0625 0.32421875 0.125 0.3890625
8 0.159375 0.065625 0.159375 0.13125
8 0.378125 0.1125 0.15 0.225
8 0.8296875 0.31796875 0.25234375 0.3171875
8 0.55 0.30703125 0.1625 0.3609375
8 0.3734375 0.68984375 0.08203125 0.115625
8 0.25078125 0.690625 0.0765625 0.0984375
8 0.21953125 0.5359375 0.0796875 0.034375
8 0.1609375 0.66796875 0.06953125 0.12734375
8 0.44765625 0.903125 0.0421875 0.1
8 0.32265625 0.93359375 0.071875 0.08203125
8 0.32734375 0.8171875 0.06015625 0.09609375
8 0.39375 0.84921875 0.06953125 0.0796875
8 0.43046875 0.7546875 0.0765625 0.115625
8 0.0140625 0.7265625 0.028125 0.115625
8 0.0390625 0.78359375 0.078125 0.1015625
8 0.184375 0.96484375 0.0984375 0.0671875
8 0.153125 0.8 0.06953125 0.10546875
8 0.05703125 0.5765625 0.0578125 0.09140625
8 0.31328125 0.5859375 0.08671875 0.0796875
8 0.246875 0.88046875 0.05078125 0.12734375
8 0.39765625 0.5828125 0.084375 0.09609375
8 0.0703125 0.87578125 0.05546875 0.0796875
8 0.734375 0.759375 0.53125 0.48125