8 0.421875 0.14609375 0.1515625 0.1390625
8 0.1125 0.06015625 0.15 0.1203125
8 0.61171875 0.2875 0.1234375 0.14375
8 0.91015625 0.30078125 0.1109375 0.1171875
8 0.61640625 0.040625 0.1296875 0.08125
8 0.8484375 0.03125 0.103125 0.0625
8 0.721875 0.06875 0.0796875 0.0984375
8 0.7203125 0.27578125 0.11796875 0.15390625
8 0.14375 0.6875 0.28359375 0.58671875
8 0.40703125 0.56484375 0.2859375 0.4109375
8 0.28046875 0.38984375 0.2828125 0.0609375
8 0.11015625 0.40390625 0.2203125 0.0890625
8 0.0375 0.5359375 0.075 0.24375
8 0.31484375 0.86875 0.1828125 0.2625
8 0.65078125 0.796875 0.2015625 0.40625
8 0.90390625 0.79765625 0.1921875 0.3703125
8 0.6375 0.43671875 0.175 0.1546875
8 0.88125 0.4390625 0.159375 0.159375