6 0.034375 0.02890625 0.06875 0.0578125
6 0.9046875 0.02421875 0.040625 0.0484375
6 0.865625 0.065625 0.053125 0.103125
6 0.72890625 0.0546875 0.06953125 0.084375
6 0.67734375 0.0796875 0.0625 0.08671875
6 0.725 0.12109375 0.0578125 0.09140625
6 0.65 0.12578125 0.06015625 0.084375
6 0.65546875 0.18671875 0.05078125 0.08671875
6 0.54765625 0.24921875 0.0578125 0.11796875
6 0.54140625 0.16328125 0.0453125 0.1203125
6 0.95390625 0.353125 0.0765625 0.08203125
6 0.8046875 0.19765625 0.0578125 0.09140625
6 0.74375 0.23984375 0.06484375 0.103125
6 0.7578125 0.35078125 0.0765625 0.084375
6 0.65234375 0.36328125 0.0859375 0.0921875
6 0.571875 0.3921875 0.0625 0.034375
6 0.534375 0.3234375 0.03125 0.103125
6 0.70546875 0.01015625 0.0703125 0.0203125
6 0.99296875 0.071875 0.0140625 0.103125
6 0.965625 0.16796875 0.06015625 0.09609375
6 0.871875 0.18671875 0.05546875 0.10078125
6 0.853125 0.321875 0.06015625 0.09375
6 0.259375 0.7046875 0.51875 0.590625
6 0.890625 0.9390625 0.0875 0.121875