6 0.3359375 0.05390625 0.128125 0.1078125
6 0.20703125 0.18359375 0.2234375 0.2328125
6 0.6375 0.26953125 0.1375 0.0609375
6 0.5421875 0.22265625 0.103125 0.1546875
6 0.79765625 0.28359375 0.1421875 0.0328125
6 0.85703125 0.06328125 0.0671875 0.1265625
6 0.9703125 0.2203125 0.059375 0.159375
6 0.33828125 0.6234375 0.1234375 0.321875
6 0.11328125 0.803125 0.2265625 0.39375
6 0.509375 0.58828125 0.21875 0.4109375
6 0.69296875 0.75703125 0.259375 0.34375
6 0.7734375 0.51484375 0.26953125 0.31484375