6 0.175 0.18984375 0.35 0.3796875
6 0.675 0.18984375 0.65 0.3796875
6 0.175 0.628125 0.35 0.496875
6 0.825 0.5015625 0.06953125 0.0625
6 0.6265625 0.8453125 0.1203125 0.1296875
6 0.66640625 0.58515625 0.071875 0.08203125
6 0.5140625 0.44453125 0.09375 0.084375
6 0.37734375 0.88359375 0.0546875 0.0703125
6 0.43828125 0.9265625 0.06015625 0.10546875
6 0.47890625 0.7453125 0.08203125 0.0890625
6 0.4703125 0.621875 0.06015625 0.09609375
6 0.540625 0.6140625 0.06953125 0.09140625
6 0.96875 0.4296875 0.0625 0.0875