8 0.0625 0.21875 0.125 0.1375
8 0.4984375 0.14140625 0.23046875 0.1390625
8 0.78046875 0.140625 0.0609375 0.1
8 0.8421875 0.14140625 0.06953125 0.10546875
8 0.7953125 0.025 0.090625 0.05
8 0.98828125 0.21015625 0.0234375 0.1109375
8 0.8828125 0.39921875 0.0671875 0.0984375
8 0.82734375 0.47421875 0.09375 0.0796875
8 0.97578125 0.03984375 0.0484375 0.0796875
8 0.9671875 0.12578125 0.06484375 0.06484375
8 0.95625 0.47578125 0.0875 0.0859375
8 0.97421875 0.31484375 0.0515625 0.0609375
8 0.9078125 0.20703125 0.071875 0.06953125
8 0.7921875 0.26484375 0.0796875 0.0890625
8 0.77890625 0.375 0.0578125 0.0875
8 0.3953125 0.8421875 0.709375 0.315625
8 0.8984375 0.92421875 0.159375 0.1515625
8 0.78671875 0.66953125 0.0734375 0.1609375