8 0.27578125 0.43671875 0.27421875 0.21875
8 0.3296875 0.06484375 0.125 0.1296875
8 0.171875 0.55234375 0.175 0.0328125
8 0.46171875 0.32734375 0.0640625 0.1921875
8 0.678125 0.13515625 0.103125 0.16796875
8 0.5640625 0.396875 0.11328125 0.1609375
8 0.509375 0.5078125 0.1 0.121875
8 0.76328125 0.475 0.1171875 0.1875
8 0.8578125 0.51171875 0.103125 0.1140625
8 0.7765625 0.11953125 0.121875 0.2390625
8 0.4609375 0.16875 0.0625 0.15625
8 0.2578125 0.7640625 0.34375 0.390625
8 0.54453125 0.68828125 0.115625 0.2046875
8 0.7640625 0.82421875 0.16796875 0.125
8 0.73203125 0.5859375 0.1390625 0.034375