6 0.0484375 0.2171875 0.096875 0.2125
6 0.1765625 0.4890625 0.178125 0.121875
6 0.31953125 0.04609375 0.1046875 0.0921875
6 0.375 0.16015625 0.08203125 0.18984375
6 0.3140625 0.390625 0.0765625 0.1515625
6 0.15859375 0.3859375 0.084375 0.1421875
6 0.18984375 0.11953125 0.0984375 0.178125
6 0.07734375 0.04765625 0.0859375 0.0953125
6 0.0453125 0.46953125 0.090625 0.1609375
6 0.678125 0.275 0.4375 0.55
6 0.06328125 0.64453125 0.1265625 0.1453125
6 0.1125 0.890625 0.225 0.09375
6 0.284375 0.6953125 0.27421875 0.12734375