8 0.23046875 0.40625 0.3578125 0.425
8 0.5140625 0.2765625 0.22578125 0.47578125
8 0.09453125 0.13984375 0.1890625 0.2796875
8 0.30390625 0.096875 0.4140625 0.19375
6 0.803125 0.22890625 0.346875 0.4578125
6 0.925 0.45859375 0.15 0.3203125
6 0.38671875 0.8828125 0.2703125 0.234375
6 0.0984375 0.809375 0.196875 0.38125
6 0.5640625 0.9109375 0.13125 0.178125
6 0.27890625 0.7671875 0.2453125 0.296875
6 0.48671875 0.753125 0.1765625 0.26875
6 0.76328125 0.9359375 0.2671875 0.128125
6 0.70859375 0.65078125 0.1578125 0.0640625
6 0.925 0.74921875 0.15 0.1484375