8 0.165625 0.346875 0.33125 0.325
8 0.48203125 0.38515625 0.2953125 0.2484375
8 0.534375 0.053125 0.190625 0.10625
8 0.42265625 0.18515625 0.29296875 0.24296875
8 0.6875 0.25234375 0.115625 0.5046875
8 0.8734375 0.1203125 0.253125 0.240625
8 0.8703125 0.39140625 0.15859375 0.228125
8 0.96484375 0.25234375 0.0703125 0.5046875
5 0.54921875 0.7546875 0.1609375 0.490625
5 0.39609375 0.7546875 0.1421875 0.490625
5 0.24140625 0.7546875 0.1609375 0.490625
5 0.07734375 0.8015625 0.1484375 0.396875
5 0.78359375 0.7984375 0.3078125 0.403125