8 0.39453125 0.25234375 0.16796875 0.240625
8 0.0375 0.17578125 0.075 0.1859375
8 0.046875 0.37421875 0.09375 0.1671875
8 0.09765625 0.45703125 0.10546875 0.13671875
8 0.1234375 0.06640625 0.1125 0.1328125
8 0.02734375 0.04765625 0.0546875 0.0953125
8 0.4296875 0.034375 0.1 0.06875
8 0.3234375 0.47265625 0.1609375 0.13671875
8 0.2515625 0.21171875 0.08671875 0.18984375
8 0.1421875 0.3234375 0.09375 0.1203125
5 0.69296875 0.284375 0.4265625 0.56875
8 0.04375 0.6578125 0.0875 0.128125
8 0.16015625 0.6984375 0.071875 0.07421875
8 0.16328125 0.96015625 0.0671875 0.0796875
8 0.26484375 0.940625 0.0796875 0.11875
8 0.51953125 0.59453125 0.0796875 0.0515625
8 0.73203125 0.79921875 0.0578125 0.0984375
8 0.928125 0.73203125 0.04296875 0.09375
8 0.49296875 0.8859375 0.0265625 0.084375