8 0.3171875 0.34375 0.096875 0.1125
8 0.0609375 0.20625 0.0765625 0.20703125
8 0.20703125 0.06796875 0.1046875 0.1359375
8 0.3484375 0.0921875 0.0625 0.134375
8 0.05625 0.06171875 0.1125 0.1234375
8 0.26875 0.18828125 0.12734375 0.1390625
8 0.22578125 0.353125 0.0609375 0.09375
8 0.2046875 0.37421875 0.11875 0.0515625
8 0.5390625 0.04453125 0.19921875 0.0796875
8 0.18515625 0.66328125 0.1421875 0.28359375
8 0.32734375 0.7703125 0.1046875 0.20625
8 0.3515625 0.4640625 0.05625 0.128125
8 0.259375 0.5234375 0.1109375 0.17578125
8 0.2359375 0.4515625 0.146875 0.103125
8 0.040625 0.44609375 0.08125 0.0921875
8 0.03125 0.91796875 0.0625 0.1640625
8 0.13515625 0.94921875 0.1046875 0.1015625
8 0.51953125 0.4515625 0.1109375 0.103125
8 0.8421875 0.56796875 0.115625 0.19453125
8 0.9609375 0.55078125 0.07421875 0.1109375
8 0.49765625 0.6953125 0.0796875 0.15390625
8 0.48828125 0.9703125 0.1015625 0.059375
8 0.51328125 0.86484375 0.0796875 0.1609375
8 0.66328125 0.76953125 0.0625 0.0984375
8 0.6734375 0.9703125 0.0625 0.059375
8 0.84609375 0.95234375 0.0703125 0.0953125
8 0.9234375 0.94375 0.05625 0.1125
8 0.696875 0.6125 0.053125 0.115625