6 0.31328125 0.2296875 0.3109375 0.459375
6 0.540625 0.03984375 0.09375 0.0796875
6 0.89375 0.3265625 0.2125 0.265625
6 0.90859375 0.1515625 0.0890625 0.178125
6 0.5265625 0.42578125 0.115625 0.0671875
6 0.665625 0.40703125 0.08125 0.1046875
6 0.07109375 0.70703125 0.1421875 0.2984375
6 0.06015625 0.53515625 0.1203125 0.1515625
6 0.21484375 0.51328125 0.2203125 0.1078125
6 0.43046875 0.73828125 0.0765625 0.3140625
6 0.28671875 0.92578125 0.2359375 0.1484375
6 0.33828125 0.765625 0.15859375 0.26953125
6 0.19765625 0.70078125 0.1421875 0.3484375
6 0.9328125 0.69296875 0.1296875 0.165625
6 0.796875 0.58203125 0.165625 0.11796875
6 0.8609375 0.74921875 0.09140625 0.1296875