8 0.28984375 0.38828125 0.5796875 0.5859375
8 0.7390625 0.4796875 0.1390625 0.3171875
8 0.75703125 0.2203125 0.18046875 0.259375
8 0.59921875 0.20078125 0.0390625 0.3890625
8 0.63984375 0.4109375 0.1203125 0.28125
8 0.6046875 0.59921875 0.05 0.2609375
8 0.73203125 0.69765625 0.1578125 0.0640625
8 0.95390625 0.2375 0.0921875 0.2625
8 0.26953125 0.86484375 0.5390625 0.2703125
8 0.60390625 0.9078125 0.0484375 0.184375
8 0.73671875 0.78984375 0.1046875 0.1203125
8 0.896875 0.80625 0.0984375 0.134375
8 0.94453125 0.89765625 0.1109375 0.1484375
8 0.6109375 0.78359375 0.0625 0.1078125
8 0.7984375 0.90234375 0.12734375 0.1390625