8 0.04375 0.3390625 0.0875 0.18125
8 0.06328125 0.1484375 0.1265625 0.259375
8 0.53671875 0.1984375 0.1984375 0.396875
8 0.25859375 0.16640625 0.1421875 0.26171875
8 0.815625 0.2078125 0.33125 0.415625
8 0.15859375 0.96328125 0.1703125 0.0734375
8 0.46171875 0.96640625 0.1015625 0.0671875
8 0.60390625 0.9609375 0.0921875 0.078125
8 0.4765625 0.7390625 0.09375 0.19453125
8 0.2375 0.71015625 0.1421875 0.178125
8 0.0390625 0.74765625 0.078125 0.2234375
8 0.8265625 0.58203125 0.346875 0.3046875
8 0.965625 0.88359375 0.06875 0.1703125