7 0.39296875 0.49140625 0.0984375 0.2953125
7 0.228125 0.5 0.09375 0.26953125
7 0.1203125 0.52109375 0.071875 0.18984375
7 0.0265625 0.36875 0.053125 0.13203125
7 0.5 0.52890625 0.1 0.2203125
7 0.775 0.33828125 0.45 0.6015625
7 0.275 0.81953125 0.55 0.3609375
7 0.86015625 0.86484375 0.18515625 0.228125
7 0.9140625 0.7171875 0.16875 0.15625
7 0.71171875 0.85390625 0.15390625 0.25
7 0.60078125 0.8640625 0.1015625 0.228125
7 0.64140625 0.975 0.1578125 0.05
7 0.77578125 0.97421875 0.1609375 0.0515625
7 0.91484375 0.96953125 0.1390625 0.0609375
7 0.640625 0.70234375 0.153125 0.1265625