8 0.121875 0.146875 0.1203125 0.1921875
8 0.02421875 0.215625 0.0484375 0.159375
8 0.04765625 0.35625 0.0953125 0.18125
8 0.1734375 0.48671875 0.159375 0.1640625
8 0.21796875 0.35703125 0.146875 0.18046875
8 0.2671875 0.2484375 0.1078125 0.125
8 0.415625 0.21171875 0.0875 0.2234375
8 0.3734375 0.5046875 0.121875 0.128125
8 0.13515625 0.034375 0.1421875 0.06875
5 0.94921875 0.21796875 0.1015625 0.4359375
5 0.18515625 0.784375 0.3703125 0.43125
5 0.86953125 0.93046875 0.2609375 0.1390625
5 0.6125 0.92890625 0.178125 0.1421875
5 0.575 0.621875 0.23125 0.10625
5 0.840625 0.71796875 0.31875 0.2296875