6 0.37734375 0.47109375 0.0453125 0.0453125
6 0.4734375 0.3765625 0.1125 0.0875
6 0.58828125 0.05 0.1171875 0.1
6 0.74453125 0.0515625 0.1921875 0.103125
6 0.9234375 0.04296875 0.153125 0.0859375
6 0.89765625 0.21640625 0.1921875 0.22578125
6 0.72265625 0.21640625 0.15625 0.18046875
6 0.5703125 0.21171875 0.08125 0.1828125
6 0.6015625 0.4078125 0.14375 0.1375
6 0.7546875 0.42890625 0.13671875 0.165625
6 0.9140625 0.4515625 0.171875 0.196875
6 0.5890625 0.56015625 0.11875 0.0796875
6 0.75078125 0.5765625 0.2015625 0.046875
6 0.26484375 0.8 0.5296875 0.4
6 0.76484375 0.8 0.4703125 0.4