8 0.275 0.259375 0.55 0.51875
8 0.87890625 0.3265625 0.09609375 0.209375
8 0.621875 0.140625 0.0765625 0.20703125
8 0.76796875 0.03515625 0.1046875 0.0703125
8 0.92734375 0.046875 0.0984375 0.09375
8 0.96015625 0.11796875 0.0796875 0.1484375
8 0.57265625 0.34453125 0.0453125 0.1453125
8 0.628125 0.415625 0.13203125 0.19453125
8 0.61171875 0.02890625 0.1234375 0.0578125
8 0.97265625 0.4796875 0.0546875 0.078125
8 0.9859375 0.3671875 0.028125 0.134375
8 0.8296875 0.12265625 0.12734375 0.1390625
8 0.7875 0.29296875 0.06015625 0.103125
8 0.76640625 0.36328125 0.11796875 0.1609375
8 0.284375 0.759375 0.53125 0.48125
8 0.775 0.759375 0.45 0.48125