6 0.66015625 0.0515625 0.0796875 0.103125
6 0.5359375 0.0734375 0.09609375 0.09140625
6 0.4375 0.0609375 0.06484375 0.07421875
6 0.3421875 0.04453125 0.0625 0.0890625
6 0.271875 0.04921875 0.08203125 0.09140625
6 0.47109375 0.2015625 0.146875 0.08671875
6 0.3796875 0.1875 0.08671875 0.103125
6 0.33203125 0.125 0.06953125 0.103125
6 0.2765625 0.13359375 0.0578125 0.1390625
6 0.20234375 0.0984375 0.09375 0.0984375
6 0.59609375 0.528125 0.1875 0.1875
6 0.37109375 0.58984375 0.1734375 0.146875
6 0.6375 0.85078125 0.1625 0.1984375
6 0.0890625 0.853125 0.178125 0.165625
6 0.2828125 0.95703125 0.209375 0.0859375
6 0.68359375 0.40234375 0.0703125 0.2046875
6 0.2046875 0.42421875 0.30625 0.2484375
6 0.925 0.66484375 0.15 0.4828125
6 0.859375 0.60390625 0.28125 0.6078125