7 0.45546875 0.0796875 0.0890625 0.159375
7 0.35234375 0.07109375 0.0703125 0.1421875
7 0.13203125 0.04296875 0.1078125 0.0859375
7 0.9234375 0.28125 0.153125 0.375
7 0.65703125 0.15546875 0.1953125 0.2953125
7 0.3328125 0.60625 0.15859375 0.23828125
7 0.19921875 0.61328125 0.15625 0.23828125
7 0.39921875 0.80859375 0.146875 0.22109375
7 0.5109375 0.80234375 0.096875 0.2359375
7 0.4671875 0.6 0.1609375 0.23046875
7 0.13046875 0.4984375 0.1703125 0.059375
7 0.26171875 0.81875 0.146875 0.21640625
7 0.1265625 0.8140625 0.14921875 0.22578125
7 0.87890625 0.63359375 0.1734375 0.26953125
7 0.7328125 0.821875 0.1390625 0.2859375