8 0.28046875 0.1140625 0.0796875 0.15390625
8 0.0859375 0.04453125 0.059375 0.0890625
8 0.05 0.5984375 0.1 0.140625
8 0.271875 0.44453125 0.10078125 0.1703125
8 0.29609375 0.28359375 0.0796875 0.1609375
8 0.44609375 0.18828125 0.0625 0.0984375
8 0.45703125 0.40859375 0.0625 0.0984375
8 0.434375 0.5203125 0.05546875 0.178125
8 0.47890625 0.61953125 0.0953125 0.0984375
8 0.4796875 0.04453125 0.053125 0.0890625
8 0.76484375 0.334375 0.4703125 0.66875
8 0.6921875 0.48359375 0.325 0.3703125
8 0.21328125 0.83671875 0.2734375 0.3265625
8 0.73359375 0.84296875 0.0796875 0.06484375