5 0.40390625 0.1390625 0.2328125 0.278125
5 0.1640625 0.10703125 0.146875 0.2140625
5 0.25 0.35859375 0.1125 0.1203125
5 0.09453125 0.40859375 0.1515625 0.0203125
8 0.59296875 0.10625 0.0671875 0.2125
8 0.93125 0.0546875 0.1375 0.109375
8 0.921875 0.21640625 0.15625 0.1703125
8 0.8421875 0.29765625 0.10546875 0.13671875
8 0.6265625 0.3140625 0.134375 0.1375
8 0.6859375 0.07265625 0.0875 0.1453125
8 0.79609375 0.16328125 0.09609375 0.1203125
8 0.16875 0.78671875 0.2 0.4265625
8 0.03203125 0.61484375 0.0640625 0.2609375
8 0.425 0.44921875 0.128125 0.0609375
8 0.50390625 0.7 0.1109375 0.384375
8 0.6078125 0.64140625 0.096875 0.3296875