8 0.0578125 0.4171875 0.115625 0.103125
8 0.5796875 0.18671875 0.13671875 0.09140625
8 0.2921875 0.07109375 0.11796875 0.1421875
8 0.0359375 0.178125 0.071875 0.103125
8 0.246875 0.3234375 0.1421875 0.12734375
8 0.5328125 0.046875 0.165625 0.09375
8 0.94453125 0.04765625 0.1109375 0.0953125
8 0.96484375 0.3421875 0.0703125 0.253125
8 0.05390625 0.5796875 0.1078125 0.221875
8 0.41875 0.56875 0.115625 0.2
8 0.275 0.934375 0.128125 0.13125
8 0.5734375 0.75390625 0.08671875 0.196875
8 0.61796875 0.909375 0.06953125 0.1609375
8 0.69921875 0.59453125 0.0203125 0.1640625
8 0.93828125 0.59609375 0.1234375 0.2546875