6 0.2 0.36640625 0.4 0.4046875
6 0.875 0.10078125 0.14921875 0.134375
6 0.6203125 0.053125 0.13125 0.10625
6 0.5203125 0.2015625 0.1296875 0.134375
6 0.415625 0.22421875 0.03125 0.1671875
6 0.59375 0.396875 0.10078125 0.19921875
6 0.859375 0.02265625 0.084375 0.0453125
6 0.77421875 0.0234375 0.0703125 0.046875
6 0.69765625 0.2671875 0.103125 0.13203125
6 0.7859375 0.275 0.07421875 0.18984375
6 0.76171875 0.50703125 0.0984375 0.1234375
6 0.8796875 0.4859375 0.1203125 0.14453125
6 0.62734375 0.55234375 0.1078125 0.0328125
8 0.16484375 0.73671875 0.3296875 0.3359375
6 0.66484375 0.784375 0.5296875 0.43125