5 0.16953125 0.325 0.3390625 0.65
8 0.765625 0.3171875 0.1203125 0.1921875
8 0.52265625 0.12578125 0.103125 0.16796875
8 0.6359375 0.38671875 0.11328125 0.15859375
8 0.68984375 0.52734375 0.10078125 0.18046875
8 0.8171875 0.6125 0.159375 0.075
8 0.86171875 0.52734375 0.146875 0.18046875
8 0.9109375 0.41875 0.1078125 0.125
8 0.43828125 0.471875 0.115625 0.19921875
8 0.36640625 0.53359375 0.0546875 0.1796875
8 0.42421875 0.11484375 0.1203125 0.2296875
8 0.77890625 0.1609375 0.1421875 0.15625
8 0.9046875 0.11015625 0.09140625 0.1828125
8 0.9765625 0.09609375 0.046875 0.1921875
8 0.165625 0.825 0.33125 0.35
5 0.7734375 0.77265625 0.303125 0.2453125