5 0.36875 0.35390625 0.421875 0.5296875
8 0.89609375 0.375 0.0765625 0.0890625
8 0.81328125 0.31328125 0.1078125 0.11796875
8 0.90546875 0.26875 0.084375 0.11328125
8 0.96875 0.24921875 0.0625 0.0859375
8 0.96640625 0.33515625 0.0671875 0.0765625
8 0.74453125 0.4484375 0.0671875 0.0765625
8 0.653125 0.440625 0.08203125 0.1078125
8 0.728125 0.36875 0.06953125 0.0671875
8 0.8375 0.4796875 0.1078125 0.08203125
8 0.9578125 0.49296875 0.084375 0.0828125
8 0.4140625 0.815625 0.33125 0.36875
8 0.24296875 0.9125 0.3140625 0.175
8 0.753125 0.80234375 0.07421875 0.0890625
8 0.6734375 0.7421875 0.10546875 0.115625
8 0.7625 0.6984375 0.084375 0.1109375
8 0.83125 0.68046875 0.07421875 0.08203125
8 0.840625 0.7625 0.10078125 0.07421875
8 0.92734375 0.82265625 0.084375 0.10078125
8 0.60859375 0.871875 0.0578125 0.075
8 0.6015625 0.79375 0.04375 0.0625
8 0.696875 0.903125 0.10546875 0.0796875
8 0.81796875 0.91640625 0.09140625 0.0796875