5 0.303125 0.2796875 0.146875 0.559375
5 0.1421875 0.2796875 0.16875 0.559375
5 0.02421875 0.3296875 0.0484375 0.459375
8 0.796875 0.3421875 0.2 0.434375
8 0.60625 0.1671875 0.1734375 0.26171875
8 0.45625 0.10625 0.134375 0.2125
8 0.43984375 0.3984375 0.1015625 0.21875
8 0.5109375 0.496875 0.1875 0.125
5 0.1671875 0.828125 0.17578125 0.18046875
5 0.1609375 0.94296875 0.29375 0.1140625
5 0.05 0.6359375 0.1 0.153125
8 0.790625 0.7140625 0.2 0.309375
8 0.43671875 0.7078125 0.0953125 0.21875
8 0.5046875 0.871875 0.1875 0.25625