7 0.21953125 0.5 0.4390625 0.159375
7 0.2375 0.303125 0.403125 0.2375
7 0.28984375 0.09296875 0.2984375 0.1859375
6 0.5640625 0.2796875 0.21875 0.2234375
6 0.84609375 0.14765625 0.16328125 0.21171875
6 0.95 0.23828125 0.1 0.3484375
6 0.6484375 0.03046875 0.2625 0.0609375
6 0.4765625 0.06875 0.075 0.1375
6 0.5421875 0.453125 0.20625 0.253125
6 0.8234375 0.3484375 0.18515625 0.21875
7 0.41796875 0.69765625 0.0421875 0.1078125
7 0.2671875 0.6703125 0.1296875 0.1734375
7 0.0953125 0.65234375 0.190625 0.1453125
7 0.86796875 0.78984375 0.2640625 0.4203125
7 0.565625 0.78984375 0.253125 0.4203125