6 0.13984375 0.29453125 0.2796875 0.5890625
6 0.859375 0.0609375 0.190625 0.121875
6 0.9359375 0.23984375 0.128125 0.2640625
6 0.33203125 0.09296875 0.1046875 0.1859375
6 0.4453125 0.39765625 0.19921875 0.2546875
6 0.621875 0.49140625 0.1703125 0.165625
6 0.62421875 0.09453125 0.2140625 0.165625
6 0.76640625 0.171875 0.27421875 0.2359375
6 0.25078125 0.82421875 0.0578125 0.1109375
6 0.0328125 0.86953125 0.0578125 0.0984375
6 0.1453125 0.78515625 0.0453125 0.084375
6 0.15859375 0.94375 0.08203125 0.10546875
6 0.225 0.61328125 0.071875 0.0484375
6 0.68046875 0.79453125 0.6390625 0.4109375