6 0.259375 0.2 0.51875 0.4
6 0.66484375 0.1546875 0.09375 0.134375
6 0.65546875 0.371875 0.0515625 0.05625
6 0.896875 0.271875 0.06484375 0.0890625
6 0.52890625 0.346875 0.0203125 0.059375
6 0.3640625 0.81796875 0.23046875 0.28359375
6 0.3875 0.96875 0.15 0.0625
6 0.20625 0.8671875 0.12265625 0.25703125
6 0.23671875 0.63125 0.11328125 0.24765625
6 0.37578125 0.47421875 0.0984375 0.1484375
6 0.475 0.4703125 0.0875 0.140625
6 0.1875 0.440625 0.1625 0.08125
6 0.0859375 0.55546875 0.13671875 0.115625
6 0.80859375 0.7328125 0.3828125 0.534375