7 0.87265625 0.02578125 0.2546875 0.0515625
7 0.88671875 0.14921875 0.21875 0.13203125
7 0.58046875 0.121875 0.0828125 0.15625
7 0.91875 0.31484375 0.1625 0.0890625
7 0.67421875 0.31953125 0.1546875 0.0796875
7 0.19765625 0.68046875 0.08203125 0.240625
7 0.3359375 0.803125 0.09140625 0.22578125
7 0.01171875 0.4796875 0.0234375 0.240625
7 0.12421875 0.3984375 0.1765625 0.078125
7 0.32265625 0.42421875 0.0796875 0.1296875
7 0.4734375 0.378125 0.13125 0.0375
7 0.51640625 0.5765625 0.0453125 0.21875
7 0.51640625 0.9375 0.0453125 0.125
7 0.47734375 0.7609375 0.1234375 0.084375
7 0.25234375 0.94609375 0.2140625 0.0890625
7 0.034375 0.9265625 0.06875 0.146875
7 0.7609375 0.78671875 0.053125 0.26953125
7 0.9484375 0.88046875 0.103125 0.2390625
7 0.64453125 0.67265625 0.08671875 0.39453125